Build Timestamp (UTC)	Build	Job	Job URL	Build Trigger	Allow Job Failure	PR#	Branch	Commit	Commit Range	Commit Message	Sketch Filename	Board ID	IDE Version	Program Storage (bytes)	Dynamic Memory (bytes)	# Warnings	Allow Failure	Exit Status	# Board Issues	Board Issue	# Library Issues	Library Issue
2018-01-21 16:39:36	15	15.18	https://travis-ci.org/per1234/MightyCore/jobs/331478440	push	false	false	travis-ci	af450ff637263cd9bb7c4be0c8040fdc32ee7ad9	1d72e771dc62...af450ff63726	Use Travis CI for automated testing	/home/travis/Arduino/hardware/MightyCore/avr/libraries/EEPROM/examples/eeprom_update/eeprom_update.ino	MightyCore:avr:324:pinout=standard,variant=modelP,BOD=1v8,LTO=Os,clock=12MHz_external	1.6.11	960	13	3	false	0	0		0	
2018-01-21 16:39:39	15	15.18	https://travis-ci.org/per1234/MightyCore/jobs/331478440	push	false	false	travis-ci	af450ff637263cd9bb7c4be0c8040fdc32ee7ad9	1d72e771dc62...af450ff63726	Use Travis CI for automated testing	/home/travis/Arduino/hardware/MightyCore/avr/libraries/EEPROM/examples/eeprom_crc/eeprom_crc.ino	MightyCore:avr:324:pinout=standard,variant=modelP,BOD=1v8,LTO=Os,clock=12MHz_external	1.6.11	2450	310	3	false	0	0		0	
2018-01-21 16:39:42	15	15.18	https://travis-ci.org/per1234/MightyCore/jobs/331478440	push	false	false	travis-ci	af450ff637263cd9bb7c4be0c8040fdc32ee7ad9	1d72e771dc62...af450ff63726	Use Travis CI for automated testing	/home/travis/Arduino/hardware/MightyCore/avr/libraries/EEPROM/examples/eeprom_iteration/eeprom_iteration.ino	MightyCore:avr:324:pinout=standard,variant=modelP,BOD=1v8,LTO=Os,clock=12MHz_external	1.6.11	692	9	5	false	0	0		0	
2018-01-21 16:39:45	15	15.18	https://travis-ci.org/per1234/MightyCore/jobs/331478440	push	false	false	travis-ci	af450ff637263cd9bb7c4be0c8040fdc32ee7ad9	1d72e771dc62...af450ff63726	Use Travis CI for automated testing	/home/travis/Arduino/hardware/MightyCore/avr/libraries/EEPROM/examples/eeprom_put/eeprom_put.ino	MightyCore:avr:324:pinout=standard,variant=modelP,BOD=1v8,LTO=Os,clock=12MHz_external	1.6.11	2174	340	2	false	0	0		0	
2018-01-21 16:39:48	15	15.18	https://travis-ci.org/per1234/MightyCore/jobs/331478440	push	false	false	travis-ci	af450ff637263cd9bb7c4be0c8040fdc32ee7ad9	1d72e771dc62...af450ff63726	Use Travis CI for automated testing	/home/travis/Arduino/hardware/MightyCore/avr/libraries/EEPROM/examples/eeprom_clear/eeprom_clear.ino	MightyCore:avr:324:pinout=standard,variant=modelP,BOD=1v8,LTO=Os,clock=12MHz_external	1.6.11	818	9	3	false	0	0		0	
2018-01-21 16:39:52	15	15.18	https://travis-ci.org/per1234/MightyCore/jobs/331478440	push	false	false	travis-ci	af450ff637263cd9bb7c4be0c8040fdc32ee7ad9	1d72e771dc62...af450ff63726	Use Travis CI for automated testing	/home/travis/Arduino/hardware/MightyCore/avr/libraries/EEPROM/examples/eeprom_read/eeprom_read.ino	MightyCore:avr:324:pinout=standard,variant=modelP,BOD=1v8,LTO=Os,clock=12MHz_external	1.6.11	2438	203	3	false	0	0		0	
2018-01-21 16:39:55	15	15.18	https://travis-ci.org/per1234/MightyCore/jobs/331478440	push	false	false	travis-ci	af450ff637263cd9bb7c4be0c8040fdc32ee7ad9	1d72e771dc62...af450ff63726	Use Travis CI for automated testing	/home/travis/Arduino/hardware/MightyCore/avr/libraries/EEPROM/examples/eeprom_get/eeprom_get.ino	MightyCore:avr:324:pinout=standard,variant=modelP,BOD=1v8,LTO=Os,clock=12MHz_external	1.6.11	3928	256	2	false	0	0		0	
2018-01-21 16:40:00	15	15.18	https://travis-ci.org/per1234/MightyCore/jobs/331478440	push	false	false	travis-ci	af450ff637263cd9bb7c4be0c8040fdc32ee7ad9	1d72e771dc62...af450ff63726	Use Travis CI for automated testing	/home/travis/Arduino/hardware/MightyCore/avr/libraries/EEPROM/examples/eeprom_write/eeprom_write.ino	MightyCore:avr:324:pinout=standard,variant=modelP,BOD=1v8,LTO=Os,clock=12MHz_external	1.6.11	910	13	3	false	0	0		0	
2018-01-21 16:40:04	15	15.18	https://travis-ci.org/per1234/MightyCore/jobs/331478440	push	false	false	travis-ci	af450ff637263cd9bb7c4be0c8040fdc32ee7ad9	1d72e771dc62...af450ff63726	Use Travis CI for automated testing	/home/travis/Arduino/hardware/MightyCore/avr/libraries/SoftwareSerial/examples/TwoPortReceive/TwoPortReceive.ino	MightyCore:avr:324:pinout=standard,variant=modelP,BOD=1v8,LTO=Os,clock=12MHz_external	1.6.11	4460	390	2	false	0	0		0	
2018-01-21 16:40:07	15	15.18	https://travis-ci.org/per1234/MightyCore/jobs/331478440	push	false	false	travis-ci	af450ff637263cd9bb7c4be0c8040fdc32ee7ad9	1d72e771dc62...af450ff63726	Use Travis CI for automated testing	/home/travis/Arduino/hardware/MightyCore/avr/libraries/SoftwareSerial/examples/SoftwareSerialExample/SoftwareSerialExample.ino	MightyCore:avr:324:pinout=standard,variant=modelP,BOD=1v8,LTO=Os,clock=12MHz_external	1.6.11	4374	349	2	false	0	0		0	
2018-01-21 16:40:11	15	15.18	https://travis-ci.org/per1234/MightyCore/jobs/331478440	push	false	false	travis-ci	af450ff637263cd9bb7c4be0c8040fdc32ee7ad9	1d72e771dc62...af450ff63726	Use Travis CI for automated testing	/home/travis/Arduino/hardware/MightyCore/avr/libraries/SD/examples/ReadWrite/ReadWrite.ino	MightyCore:avr:324:pinout=standard,variant=modelP,BOD=1v8,LTO=Os,clock=12MHz_external	1.6.11	12848	1006	5	false	0	0		0	
2018-01-21 16:40:15	15	15.18	https://travis-ci.org/per1234/MightyCore/jobs/331478440	push	false	false	travis-ci	af450ff637263cd9bb7c4be0c8040fdc32ee7ad9	1d72e771dc62...af450ff63726	Use Travis CI for automated testing	/home/travis/Arduino/hardware/MightyCore/avr/libraries/SD/examples/Files/Files.ino	MightyCore:avr:324:pinout=standard,variant=modelP,BOD=1v8,LTO=Os,clock=12MHz_external	1.6.11	13462	1040	5	false	0	0		0	
2018-01-21 16:40:20	15	15.18	https://travis-ci.org/per1234/MightyCore/jobs/331478440	push	false	false	travis-ci	af450ff637263cd9bb7c4be0c8040fdc32ee7ad9	1d72e771dc62...af450ff63726	Use Travis CI for automated testing	/home/travis/Arduino/hardware/MightyCore/avr/libraries/SD/examples/Datalogger/Datalogger.ino	MightyCore:avr:324:pinout=standard,variant=modelP,BOD=1v8,LTO=Os,clock=12MHz_external	1.6.11	13954	937	5	false	0	0		0	
2018-01-21 16:40:24	15	15.18	https://travis-ci.org/per1234/MightyCore/jobs/331478440	push	false	false	travis-ci	af450ff637263cd9bb7c4be0c8040fdc32ee7ad9	1d72e771dc62...af450ff63726	Use Travis CI for automated testing	/home/travis/Arduino/hardware/MightyCore/avr/libraries/SD/examples/CardInfo/CardInfo.ino	MightyCore:avr:324:pinout=standard,variant=modelP,BOD=1v8,LTO=Os,clock=12MHz_external	1.6.11	11408	1358	5	false	0	0		0	
2018-01-21 16:40:28	15	15.18	https://travis-ci.org/per1234/MightyCore/jobs/331478440	push	false	false	travis-ci	af450ff637263cd9bb7c4be0c8040fdc32ee7ad9	1d72e771dc62...af450ff63726	Use Travis CI for automated testing	/home/travis/Arduino/hardware/MightyCore/avr/libraries/SD/examples/listfiles/listfiles.ino	MightyCore:avr:324:pinout=standard,variant=modelP,BOD=1v8,LTO=Os,clock=12MHz_external	1.6.11	13578	942	5	false	0	0		0	
2018-01-21 16:40:32	15	15.18	https://travis-ci.org/per1234/MightyCore/jobs/331478440	push	false	false	travis-ci	af450ff637263cd9bb7c4be0c8040fdc32ee7ad9	1d72e771dc62...af450ff63726	Use Travis CI for automated testing	/home/travis/Arduino/hardware/MightyCore/avr/libraries/SD/examples/DumpFile/DumpFile.ino	MightyCore:avr:324:pinout=standard,variant=modelP,BOD=1v8,LTO=Os,clock=12MHz_external	1.6.11	12522	935	5	false	0	0		0	
2018-01-21 16:40:35	15	15.18	https://travis-ci.org/per1234/MightyCore/jobs/331478440	push	false	false	travis-ci	af450ff637263cd9bb7c4be0c8040fdc32ee7ad9	1d72e771dc62...af450ff63726	Use Travis CI for automated testing	/home/travis/Arduino/hardware/MightyCore/avr/libraries/Timer/examples/Events/Events.ino	MightyCore:avr:324:pinout=standard,variant=modelP,BOD=1v8,LTO=Os,clock=12MHz_external	1.6.11	3858	550	0	false	0	0		0	
2018-01-21 16:40:39	15	15.18	https://travis-ci.org/per1234/MightyCore/jobs/331478440	push	false	false	travis-ci	af450ff637263cd9bb7c4be0c8040fdc32ee7ad9	1d72e771dc62...af450ff63726	Use Travis CI for automated testing	/home/travis/Arduino/hardware/MightyCore/avr/libraries/Timer/examples/Multitasking/Multitasking.ino	MightyCore:avr:324:pinout=standard,variant=modelP,BOD=1v8,LTO=Os,clock=12MHz_external	1.6.11	3350	454	1	false	0	0		0	
2018-01-21 16:40:42	15	15.18	https://travis-ci.org/per1234/MightyCore/jobs/331478440	push	false	false	travis-ci	af450ff637263cd9bb7c4be0c8040fdc32ee7ad9	1d72e771dc62...af450ff63726	Use Travis CI for automated testing	/home/travis/Arduino/hardware/MightyCore/avr/libraries/Timer/examples/Pin_high_10_minutes/Pin_high_10_minutes.ino	MightyCore:avr:324:pinout=standard,variant=modelP,BOD=1v8,LTO=Os,clock=12MHz_external	1.6.11	1522	205	1	false	0	0		0	
2018-01-21 16:40:45	15	15.18	https://travis-ci.org/per1234/MightyCore/jobs/331478440	push	false	false	travis-ci	af450ff637263cd9bb7c4be0c8040fdc32ee7ad9	1d72e771dc62...af450ff63726	Use Travis CI for automated testing	/home/travis/Arduino/hardware/MightyCore/avr/libraries/Timer/examples/TimerTest/TimerTest.ino	MightyCore:avr:324:pinout=standard,variant=modelP,BOD=1v8,LTO=Os,clock=12MHz_external	1.6.11	1486	203	0	false	0	0		0	
2018-01-21 16:40:48	15	15.18	https://travis-ci.org/per1234/MightyCore/jobs/331478440	push	false	false	travis-ci	af450ff637263cd9bb7c4be0c8040fdc32ee7ad9	1d72e771dc62...af450ff63726	Use Travis CI for automated testing	/home/travis/Arduino/hardware/MightyCore/avr/libraries/Optiboot_flasher/examples/SerialReadWrite/SerialReadWrite.ino	MightyCore:avr:324:pinout=standard,variant=modelP,BOD=1v8,LTO=Os,clock=12MHz_external	1.6.11	6598	331	0	false	0	0		0	
2018-01-21 16:40:52	15	15.18	https://travis-ci.org/per1234/MightyCore/jobs/331478440	push	false	false	travis-ci	af450ff637263cd9bb7c4be0c8040fdc32ee7ad9	1d72e771dc62...af450ff63726	Use Travis CI for automated testing	/home/travis/Arduino/hardware/MightyCore/avr/libraries/Servo/examples/Sweep/Sweep.ino	MightyCore:avr:324:pinout=standard,variant=modelP,BOD=1v8,LTO=Os,clock=12MHz_external	1.6.11	2678	52	1	false	0	0		0	
2018-01-21 16:40:55	15	15.18	https://travis-ci.org/per1234/MightyCore/jobs/331478440	push	false	false	travis-ci	af450ff637263cd9bb7c4be0c8040fdc32ee7ad9	1d72e771dc62...af450ff63726	Use Travis CI for automated testing	/home/travis/Arduino/hardware/MightyCore/avr/libraries/Servo/examples/Knob/Knob.ino	MightyCore:avr:324:pinout=standard,variant=modelP,BOD=1v8,LTO=Os,clock=12MHz_external	1.6.11	2756	56	1	false	0	0		0	
2018-01-21 16:40:58	15	15.18	https://travis-ci.org/per1234/MightyCore/jobs/331478440	push	false	false	travis-ci	af450ff637263cd9bb7c4be0c8040fdc32ee7ad9	1d72e771dc62...af450ff63726	Use Travis CI for automated testing	/home/travis/Arduino/hardware/MightyCore/avr/libraries/AVR_examples/examples/Measure_period_length/Measure_period_length.ino	MightyCore:avr:324:pinout=standard,variant=modelP,BOD=1v8,LTO=Os,clock=12MHz_external	1.6.11	1782	200	0	false	0	0		0	
2018-01-21 16:41:01	15	15.18	https://travis-ci.org/per1234/MightyCore/jobs/331478440	push	false	false	travis-ci	af450ff637263cd9bb7c4be0c8040fdc32ee7ad9	1d72e771dc62...af450ff63726	Use Travis CI for automated testing	/home/travis/Arduino/hardware/MightyCore/avr/libraries/AVR_examples/examples/Watch_dog_timer/Watch_dog_timer.ino	MightyCore:avr:324:pinout=standard,variant=modelP,BOD=1v8,LTO=Os,clock=12MHz_external	1.6.11	246	2	0	false	0	0		0	
2018-01-21 16:41:04	15	15.18	https://travis-ci.org/per1234/MightyCore/jobs/331478440	push	false	false	travis-ci	af450ff637263cd9bb7c4be0c8040fdc32ee7ad9	1d72e771dc62...af450ff63726	Use Travis CI for automated testing	/home/travis/Arduino/hardware/MightyCore/avr/libraries/AVR_examples/examples/Blink_using_Timer0/Blink_using_Timer0.ino	MightyCore:avr:324:pinout=standard,variant=modelP,BOD=1v8,LTO=Os,clock=12MHz_external	1.6.11	240	2	0	false	0	0		0	
2018-01-21 16:41:07	15	15.18	https://travis-ci.org/per1234/MightyCore/jobs/331478440	push	false	false	travis-ci	af450ff637263cd9bb7c4be0c8040fdc32ee7ad9	1d72e771dc62...af450ff63726	Use Travis CI for automated testing	/home/travis/Arduino/hardware/MightyCore/avr/libraries/AVR_examples/examples/Read_port_write_port/Read_port_write_port.ino	MightyCore:avr:324:pinout=standard,variant=modelP,BOD=1v8,LTO=Os,clock=12MHz_external	1.6.11	164	0	0	false	0	0		0	
2018-01-21 16:41:10	15	15.18	https://travis-ci.org/per1234/MightyCore/jobs/331478440	push	false	false	travis-ci	af450ff637263cd9bb7c4be0c8040fdc32ee7ad9	1d72e771dc62...af450ff63726	Use Travis CI for automated testing	/home/travis/Arduino/hardware/MightyCore/avr/libraries/AVR_examples/examples/Blink/Blink.ino	MightyCore:avr:324:pinout=standard,variant=modelP,BOD=1v8,LTO=Os,clock=12MHz_external	1.6.11	196	0	0	false	0	0		0	
2018-01-21 16:41:15	15	15.18	https://travis-ci.org/per1234/MightyCore/jobs/331478440	push	false	false	travis-ci	af450ff637263cd9bb7c4be0c8040fdc32ee7ad9	1d72e771dc62...af450ff63726	Use Travis CI for automated testing	/home/travis/Arduino/hardware/MightyCore/avr/libraries/Ethernet/examples/AdvancedChatServer/AdvancedChatServer.ino	MightyCore:avr:324:pinout=standard,variant=modelP,BOD=1v8,LTO=Os,clock=12MHz_external	1.6.11	12384	534	1	false	0	0		0	
2018-01-21 16:41:19	15	15.18	https://travis-ci.org/per1234/MightyCore/jobs/331478440	push	false	false	travis-ci	af450ff637263cd9bb7c4be0c8040fdc32ee7ad9	1d72e771dc62...af450ff63726	Use Travis CI for automated testing	/home/travis/Arduino/hardware/MightyCore/avr/libraries/Ethernet/examples/BarometricPressureWebServer/BarometricPressureWebServer.ino	MightyCore:avr:324:pinout=standard,variant=modelP,BOD=1v8,LTO=Os,clock=12MHz_external	1.6.11	16584	538	3	false	0	0		0	
2018-01-21 16:41:24	15	15.18	https://travis-ci.org/per1234/MightyCore/jobs/331478440	push	false	false	travis-ci	af450ff637263cd9bb7c4be0c8040fdc32ee7ad9	1d72e771dc62...af450ff63726	Use Travis CI for automated testing	/home/travis/Arduino/hardware/MightyCore/avr/libraries/Ethernet/examples/WebClient/WebClient.ino	MightyCore:avr:324:pinout=standard,variant=modelP,BOD=1v8,LTO=Os,clock=12MHz_external	1.6.11	14912	691	1	false	0	0		0	
2018-01-21 16:41:28	15	15.18	https://travis-ci.org/per1234/MightyCore/jobs/331478440	push	false	false	travis-ci	af450ff637263cd9bb7c4be0c8040fdc32ee7ad9	1d72e771dc62...af450ff63726	Use Travis CI for automated testing	/home/travis/Arduino/hardware/MightyCore/avr/libraries/Ethernet/examples/WebClientRepeating/WebClientRepeating.ino	MightyCore:avr:324:pinout=standard,variant=modelP,BOD=1v8,LTO=Os,clock=12MHz_external	1.6.11	11536	563	1	false	0	0		0	
2018-01-21 16:41:32	15	15.18	https://travis-ci.org/per1234/MightyCore/jobs/331478440	push	false	false	travis-ci	af450ff637263cd9bb7c4be0c8040fdc32ee7ad9	1d72e771dc62...af450ff63726	Use Travis CI for automated testing	/home/travis/Arduino/hardware/MightyCore/avr/libraries/Ethernet/examples/WebServer/WebServer.ino	MightyCore:avr:324:pinout=standard,variant=modelP,BOD=1v8,LTO=Os,clock=12MHz_external	1.6.11	12906	572	1	false	0	0		0	
2018-01-21 16:41:37	15	15.18	https://travis-ci.org/per1234/MightyCore/jobs/331478440	push	false	false	travis-ci	af450ff637263cd9bb7c4be0c8040fdc32ee7ad9	1d72e771dc62...af450ff63726	Use Travis CI for automated testing	/home/travis/Arduino/hardware/MightyCore/avr/libraries/Ethernet/examples/UdpNtpClient/UdpNtpClient.ino	MightyCore:avr:324:pinout=standard,variant=modelP,BOD=1v8,LTO=Os,clock=12MHz_external	1.6.11	13414	641	1	false	0	0		0	
2018-01-21 16:41:41	15	15.18	https://travis-ci.org/per1234/MightyCore/jobs/331478440	push	false	false	travis-ci	af450ff637263cd9bb7c4be0c8040fdc32ee7ad9	1d72e771dc62...af450ff63726	Use Travis CI for automated testing	/home/travis/Arduino/hardware/MightyCore/avr/libraries/Ethernet/examples/DhcpChatServer/DhcpChatServer.ino	MightyCore:avr:324:pinout=standard,variant=modelP,BOD=1v8,LTO=Os,clock=12MHz_external	1.6.11	16014	665	1	false	0	0		0	
2018-01-21 16:41:46	15	15.18	https://travis-ci.org/per1234/MightyCore/jobs/331478440	push	false	false	travis-ci	af450ff637263cd9bb7c4be0c8040fdc32ee7ad9	1d72e771dc62...af450ff63726	Use Travis CI for automated testing	/home/travis/Arduino/hardware/MightyCore/avr/libraries/Ethernet/examples/DhcpAddressPrinter/DhcpAddressPrinter.ino	MightyCore:avr:324:pinout=standard,variant=modelP,BOD=1v8,LTO=Os,clock=12MHz_external	1.6.11	14654	631	1	false	0	0		0	
2018-01-21 16:41:50	15	15.18	https://travis-ci.org/per1234/MightyCore/jobs/331478440	push	false	false	travis-ci	af450ff637263cd9bb7c4be0c8040fdc32ee7ad9	1d72e771dc62...af450ff63726	Use Travis CI for automated testing	/home/travis/Arduino/hardware/MightyCore/avr/libraries/Ethernet/examples/TelnetClient/TelnetClient.ino	MightyCore:avr:324:pinout=standard,variant=modelP,BOD=1v8,LTO=Os,clock=12MHz_external	1.6.11	11390	459	1	false	0	0		0	
2018-01-21 16:41:55	15	15.18	https://travis-ci.org/per1234/MightyCore/jobs/331478440	push	false	false	travis-ci	af450ff637263cd9bb7c4be0c8040fdc32ee7ad9	1d72e771dc62...af450ff63726	Use Travis CI for automated testing	/home/travis/Arduino/hardware/MightyCore/avr/libraries/Ethernet/examples/UDPSendReceiveString/UDPSendReceiveString.ino	MightyCore:avr:324:pinout=standard,variant=modelP,BOD=1v8,LTO=Os,clock=12MHz_external	1.6.11	10228	463	1	false	0	0		0	
2018-01-21 16:41:59	15	15.18	https://travis-ci.org/per1234/MightyCore/jobs/331478440	push	false	false	travis-ci	af450ff637263cd9bb7c4be0c8040fdc32ee7ad9	1d72e771dc62...af450ff63726	Use Travis CI for automated testing	/home/travis/Arduino/hardware/MightyCore/avr/libraries/Ethernet/examples/ChatServer/ChatServer.ino	MightyCore:avr:324:pinout=standard,variant=modelP,BOD=1v8,LTO=Os,clock=12MHz_external	1.6.11	11964	475	1	false	0	0		0	
2018-01-21 16:42:03	15	15.18	https://travis-ci.org/per1234/MightyCore/jobs/331478440	push	false	false	travis-ci	af450ff637263cd9bb7c4be0c8040fdc32ee7ad9	1d72e771dc62...af450ff63726	Use Travis CI for automated testing	/home/travis/Arduino/hardware/MightyCore/avr/libraries/Wire/examples/slave_receiver/slave_receiver.ino	MightyCore:avr:324:pinout=standard,variant=modelP,BOD=1v8,LTO=Os,clock=12MHz_external	1.6.11	3934	409	1	false	0	0		0	
2018-01-21 16:42:06	15	15.18	https://travis-ci.org/per1234/MightyCore/jobs/331478440	push	false	false	travis-ci	af450ff637263cd9bb7c4be0c8040fdc32ee7ad9	1d72e771dc62...af450ff63726	Use Travis CI for automated testing	/home/travis/Arduino/hardware/MightyCore/avr/libraries/Wire/examples/i2c_scanner/i2c_scanner.ino	MightyCore:avr:324:pinout=standard,variant=modelP,BOD=1v8,LTO=Os,clock=12MHz_external	1.6.11	4158	522	0	false	0	0		0	
2018-01-21 16:42:09	15	15.18	https://travis-ci.org/per1234/MightyCore/jobs/331478440	push	false	false	travis-ci	af450ff637263cd9bb7c4be0c8040fdc32ee7ad9	1d72e771dc62...af450ff63726	Use Travis CI for automated testing	/home/travis/Arduino/hardware/MightyCore/avr/libraries/Wire/examples/digital_potentiometer/digital_potentiometer.ino	MightyCore:avr:324:pinout=standard,variant=modelP,BOD=1v8,LTO=Os,clock=12MHz_external	1.6.11	2472	218	0	false	0	0		0	
2018-01-21 16:42:13	15	15.18	https://travis-ci.org/per1234/MightyCore/jobs/331478440	push	false	false	travis-ci	af450ff637263cd9bb7c4be0c8040fdc32ee7ad9	1d72e771dc62...af450ff63726	Use Travis CI for automated testing	/home/travis/Arduino/hardware/MightyCore/avr/libraries/Wire/examples/SFRRanger_reader/SFRRanger_reader.ino	MightyCore:avr:324:pinout=standard,variant=modelP,BOD=1v8,LTO=Os,clock=12MHz_external	1.6.11	4444	408	0	false	0	0		0	
2018-01-21 16:42:16	15	15.18	https://travis-ci.org/per1234/MightyCore/jobs/331478440	push	false	false	travis-ci	af450ff637263cd9bb7c4be0c8040fdc32ee7ad9	1d72e771dc62...af450ff63726	Use Travis CI for automated testing	/home/travis/Arduino/hardware/MightyCore/avr/libraries/Wire/examples/slave_sender/slave_sender.ino	MightyCore:avr:324:pinout=standard,variant=modelP,BOD=1v8,LTO=Os,clock=12MHz_external	1.6.11	2398	228	0	false	0	0		0	
2018-01-21 16:42:19	15	15.18	https://travis-ci.org/per1234/MightyCore/jobs/331478440	push	false	false	travis-ci	af450ff637263cd9bb7c4be0c8040fdc32ee7ad9	1d72e771dc62...af450ff63726	Use Travis CI for automated testing	/home/travis/Arduino/hardware/MightyCore/avr/libraries/Wire/examples/master_reader/master_reader.ino	MightyCore:avr:324:pinout=standard,variant=modelP,BOD=1v8,LTO=Os,clock=12MHz_external	1.6.11	3910	390	0	false	0	0		0	
2018-01-21 16:42:23	15	15.18	https://travis-ci.org/per1234/MightyCore/jobs/331478440	push	false	false	travis-ci	af450ff637263cd9bb7c4be0c8040fdc32ee7ad9	1d72e771dc62...af450ff63726	Use Travis CI for automated testing	/home/travis/Arduino/hardware/MightyCore/avr/libraries/Wire/examples/master_writer/master_writer.ino	MightyCore:avr:324:pinout=standard,variant=modelP,BOD=1v8,LTO=Os,clock=12MHz_external	1.6.11	2486	224	0	false	0	0		0	
2018-01-21 16:42:26	15	15.18	https://travis-ci.org/per1234/MightyCore/jobs/331478440	push	false	false	travis-ci	af450ff637263cd9bb7c4be0c8040fdc32ee7ad9	1d72e771dc62...af450ff63726	Use Travis CI for automated testing	/home/travis/Arduino/hardware/MightyCore/avr/libraries/SPI/examples/BarometricPressureSensor/BarometricPressureSensor.ino	MightyCore:avr:324:pinout=standard,variant=modelP,BOD=1v8,LTO=Os,clock=12MHz_external	1.6.11	6778	235	1	false	0	0		0	
2018-01-21 16:42:29	15	15.18	https://travis-ci.org/per1234/MightyCore/jobs/331478440	push	false	false	travis-ci	af450ff637263cd9bb7c4be0c8040fdc32ee7ad9	1d72e771dc62...af450ff63726	Use Travis CI for automated testing	/home/travis/Arduino/hardware/MightyCore/avr/libraries/SPI/examples/DigitalPotControl/DigitalPotControl.ino	MightyCore:avr:324:pinout=standard,variant=modelP,BOD=1v8,LTO=Os,clock=12MHz_external	1.6.11	1426	10	0	false	0	0		0	
2018-01-21 16:42:32	15	15.18	https://travis-ci.org/per1234/MightyCore/jobs/331478440	push	false	false	travis-ci	af450ff637263cd9bb7c4be0c8040fdc32ee7ad9	1d72e771dc62...af450ff63726	Use Travis CI for automated testing	/home/travis/Arduino/hardware/MightyCore/avr/libraries/EEPROM/examples/eeprom_update/eeprom_update.ino	MightyCore:avr:324:pinout=standard,variant=modelP,BOD=1v8,LTO=Os,clock=12MHz_external	1.6.13	960	13	3	false	0	0		0	
2018-01-21 16:42:36	15	15.18	https://travis-ci.org/per1234/MightyCore/jobs/331478440	push	false	false	travis-ci	af450ff637263cd9bb7c4be0c8040fdc32ee7ad9	1d72e771dc62...af450ff63726	Use Travis CI for automated testing	/home/travis/Arduino/hardware/MightyCore/avr/libraries/EEPROM/examples/eeprom_crc/eeprom_crc.ino	MightyCore:avr:324:pinout=standard,variant=modelP,BOD=1v8,LTO=Os,clock=12MHz_external	1.6.13	2450	310	3	false	0	0		0	
2018-01-21 16:42:39	15	15.18	https://travis-ci.org/per1234/MightyCore/jobs/331478440	push	false	false	travis-ci	af450ff637263cd9bb7c4be0c8040fdc32ee7ad9	1d72e771dc62...af450ff63726	Use Travis CI for automated testing	/home/travis/Arduino/hardware/MightyCore/avr/libraries/EEPROM/examples/eeprom_iteration/eeprom_iteration.ino	MightyCore:avr:324:pinout=standard,variant=modelP,BOD=1v8,LTO=Os,clock=12MHz_external	1.6.13	692	9	5	false	0	0		0	
2018-01-21 16:42:42	15	15.18	https://travis-ci.org/per1234/MightyCore/jobs/331478440	push	false	false	travis-ci	af450ff637263cd9bb7c4be0c8040fdc32ee7ad9	1d72e771dc62...af450ff63726	Use Travis CI for automated testing	/home/travis/Arduino/hardware/MightyCore/avr/libraries/EEPROM/examples/eeprom_put/eeprom_put.ino	MightyCore:avr:324:pinout=standard,variant=modelP,BOD=1v8,LTO=Os,clock=12MHz_external	1.6.13	2174	340	2	false	0	0		0	
2018-01-21 16:42:45	15	15.18	https://travis-ci.org/per1234/MightyCore/jobs/331478440	push	false	false	travis-ci	af450ff637263cd9bb7c4be0c8040fdc32ee7ad9	1d72e771dc62...af450ff63726	Use Travis CI for automated testing	/home/travis/Arduino/hardware/MightyCore/avr/libraries/EEPROM/examples/eeprom_clear/eeprom_clear.ino	MightyCore:avr:324:pinout=standard,variant=modelP,BOD=1v8,LTO=Os,clock=12MHz_external	1.6.13	818	9	3	false	0	0		0	
2018-01-21 16:42:48	15	15.18	https://travis-ci.org/per1234/MightyCore/jobs/331478440	push	false	false	travis-ci	af450ff637263cd9bb7c4be0c8040fdc32ee7ad9	1d72e771dc62...af450ff63726	Use Travis CI for automated testing	/home/travis/Arduino/hardware/MightyCore/avr/libraries/EEPROM/examples/eeprom_read/eeprom_read.ino	MightyCore:avr:324:pinout=standard,variant=modelP,BOD=1v8,LTO=Os,clock=12MHz_external	1.6.13	2438	203	3	false	0	0		0	
2018-01-21 16:42:52	15	15.18	https://travis-ci.org/per1234/MightyCore/jobs/331478440	push	false	false	travis-ci	af450ff637263cd9bb7c4be0c8040fdc32ee7ad9	1d72e771dc62...af450ff63726	Use Travis CI for automated testing	/home/travis/Arduino/hardware/MightyCore/avr/libraries/EEPROM/examples/eeprom_get/eeprom_get.ino	MightyCore:avr:324:pinout=standard,variant=modelP,BOD=1v8,LTO=Os,clock=12MHz_external	1.6.13	3928	256	2	false	0	0		0	
2018-01-21 16:42:55	15	15.18	https://travis-ci.org/per1234/MightyCore/jobs/331478440	push	false	false	travis-ci	af450ff637263cd9bb7c4be0c8040fdc32ee7ad9	1d72e771dc62...af450ff63726	Use Travis CI for automated testing	/home/travis/Arduino/hardware/MightyCore/avr/libraries/EEPROM/examples/eeprom_write/eeprom_write.ino	MightyCore:avr:324:pinout=standard,variant=modelP,BOD=1v8,LTO=Os,clock=12MHz_external	1.6.13	910	13	3	false	0	0		0	
2018-01-21 16:42:58	15	15.18	https://travis-ci.org/per1234/MightyCore/jobs/331478440	push	false	false	travis-ci	af450ff637263cd9bb7c4be0c8040fdc32ee7ad9	1d72e771dc62...af450ff63726	Use Travis CI for automated testing	/home/travis/Arduino/hardware/MightyCore/avr/libraries/SoftwareSerial/examples/TwoPortReceive/TwoPortReceive.ino	MightyCore:avr:324:pinout=standard,variant=modelP,BOD=1v8,LTO=Os,clock=12MHz_external	1.6.13	4460	390	2	false	0	0		0	
2018-01-21 16:43:02	15	15.18	https://travis-ci.org/per1234/MightyCore/jobs/331478440	push	false	false	travis-ci	af450ff637263cd9bb7c4be0c8040fdc32ee7ad9	1d72e771dc62...af450ff63726	Use Travis CI for automated testing	/home/travis/Arduino/hardware/MightyCore/avr/libraries/SoftwareSerial/examples/SoftwareSerialExample/SoftwareSerialExample.ino	MightyCore:avr:324:pinout=standard,variant=modelP,BOD=1v8,LTO=Os,clock=12MHz_external	1.6.13	4374	349	2	false	0	0		0	
2018-01-21 16:43:06	15	15.18	https://travis-ci.org/per1234/MightyCore/jobs/331478440	push	false	false	travis-ci	af450ff637263cd9bb7c4be0c8040fdc32ee7ad9	1d72e771dc62...af450ff63726	Use Travis CI for automated testing	/home/travis/Arduino/hardware/MightyCore/avr/libraries/SD/examples/ReadWrite/ReadWrite.ino	MightyCore:avr:324:pinout=standard,variant=modelP,BOD=1v8,LTO=Os,clock=12MHz_external	1.6.13	12848	1006	5	false	0	0		0	
2018-01-21 16:43:10	15	15.18	https://travis-ci.org/per1234/MightyCore/jobs/331478440	push	false	false	travis-ci	af450ff637263cd9bb7c4be0c8040fdc32ee7ad9	1d72e771dc62...af450ff63726	Use Travis CI for automated testing	/home/travis/Arduino/hardware/MightyCore/avr/libraries/SD/examples/Files/Files.ino	MightyCore:avr:324:pinout=standard,variant=modelP,BOD=1v8,LTO=Os,clock=12MHz_external	1.6.13	13462	1040	5	false	0	0		0	
2018-01-21 16:43:14	15	15.18	https://travis-ci.org/per1234/MightyCore/jobs/331478440	push	false	false	travis-ci	af450ff637263cd9bb7c4be0c8040fdc32ee7ad9	1d72e771dc62...af450ff63726	Use Travis CI for automated testing	/home/travis/Arduino/hardware/MightyCore/avr/libraries/SD/examples/Datalogger/Datalogger.ino	MightyCore:avr:324:pinout=standard,variant=modelP,BOD=1v8,LTO=Os,clock=12MHz_external	1.6.13	13954	937	5	false	0	0		0	
2018-01-21 16:43:19	15	15.18	https://travis-ci.org/per1234/MightyCore/jobs/331478440	push	false	false	travis-ci	af450ff637263cd9bb7c4be0c8040fdc32ee7ad9	1d72e771dc62...af450ff63726	Use Travis CI for automated testing	/home/travis/Arduino/hardware/MightyCore/avr/libraries/SD/examples/CardInfo/CardInfo.ino	MightyCore:avr:324:pinout=standard,variant=modelP,BOD=1v8,LTO=Os,clock=12MHz_external	1.6.13	11408	1358	5	false	0	0		0	
2018-01-21 16:43:23	15	15.18	https://travis-ci.org/per1234/MightyCore/jobs/331478440	push	false	false	travis-ci	af450ff637263cd9bb7c4be0c8040fdc32ee7ad9	1d72e771dc62...af450ff63726	Use Travis CI for automated testing	/home/travis/Arduino/hardware/MightyCore/avr/libraries/SD/examples/listfiles/listfiles.ino	MightyCore:avr:324:pinout=standard,variant=modelP,BOD=1v8,LTO=Os,clock=12MHz_external	1.6.13	13578	942	5	false	0	0		0	
2018-01-21 16:43:28	15	15.18	https://travis-ci.org/per1234/MightyCore/jobs/331478440	push	false	false	travis-ci	af450ff637263cd9bb7c4be0c8040fdc32ee7ad9	1d72e771dc62...af450ff63726	Use Travis CI for automated testing	/home/travis/Arduino/hardware/MightyCore/avr/libraries/SD/examples/DumpFile/DumpFile.ino	MightyCore:avr:324:pinout=standard,variant=modelP,BOD=1v8,LTO=Os,clock=12MHz_external	1.6.13	12522	935	5	false	0	0		0	
2018-01-21 16:43:31	15	15.18	https://travis-ci.org/per1234/MightyCore/jobs/331478440	push	false	false	travis-ci	af450ff637263cd9bb7c4be0c8040fdc32ee7ad9	1d72e771dc62...af450ff63726	Use Travis CI for automated testing	/home/travis/Arduino/hardware/MightyCore/avr/libraries/Timer/examples/Events/Events.ino	MightyCore:avr:324:pinout=standard,variant=modelP,BOD=1v8,LTO=Os,clock=12MHz_external	1.6.13	3858	550	0	false	0	0		0	
2018-01-21 16:43:34	15	15.18	https://travis-ci.org/per1234/MightyCore/jobs/331478440	push	false	false	travis-ci	af450ff637263cd9bb7c4be0c8040fdc32ee7ad9	1d72e771dc62...af450ff63726	Use Travis CI for automated testing	/home/travis/Arduino/hardware/MightyCore/avr/libraries/Timer/examples/Multitasking/Multitasking.ino	MightyCore:avr:324:pinout=standard,variant=modelP,BOD=1v8,LTO=Os,clock=12MHz_external	1.6.13	3350	454	1	false	0	0		0	
2018-01-21 16:43:37	15	15.18	https://travis-ci.org/per1234/MightyCore/jobs/331478440	push	false	false	travis-ci	af450ff637263cd9bb7c4be0c8040fdc32ee7ad9	1d72e771dc62...af450ff63726	Use Travis CI for automated testing	/home/travis/Arduino/hardware/MightyCore/avr/libraries/Timer/examples/Pin_high_10_minutes/Pin_high_10_minutes.ino	MightyCore:avr:324:pinout=standard,variant=modelP,BOD=1v8,LTO=Os,clock=12MHz_external	1.6.13	1522	205	1	false	0	0		0	
2018-01-21 16:43:41	15	15.18	https://travis-ci.org/per1234/MightyCore/jobs/331478440	push	false	false	travis-ci	af450ff637263cd9bb7c4be0c8040fdc32ee7ad9	1d72e771dc62...af450ff63726	Use Travis CI for automated testing	/home/travis/Arduino/hardware/MightyCore/avr/libraries/Timer/examples/TimerTest/TimerTest.ino	MightyCore:avr:324:pinout=standard,variant=modelP,BOD=1v8,LTO=Os,clock=12MHz_external	1.6.13	1486	203	0	false	0	0		0	
2018-01-21 16:43:44	15	15.18	https://travis-ci.org/per1234/MightyCore/jobs/331478440	push	false	false	travis-ci	af450ff637263cd9bb7c4be0c8040fdc32ee7ad9	1d72e771dc62...af450ff63726	Use Travis CI for automated testing	/home/travis/Arduino/hardware/MightyCore/avr/libraries/Optiboot_flasher/examples/SerialReadWrite/SerialReadWrite.ino	MightyCore:avr:324:pinout=standard,variant=modelP,BOD=1v8,LTO=Os,clock=12MHz_external	1.6.13	6598	331	0	false	0	0		0	
2018-01-21 16:43:47	15	15.18	https://travis-ci.org/per1234/MightyCore/jobs/331478440	push	false	false	travis-ci	af450ff637263cd9bb7c4be0c8040fdc32ee7ad9	1d72e771dc62...af450ff63726	Use Travis CI for automated testing	/home/travis/Arduino/hardware/MightyCore/avr/libraries/Servo/examples/Sweep/Sweep.ino	MightyCore:avr:324:pinout=standard,variant=modelP,BOD=1v8,LTO=Os,clock=12MHz_external	1.6.13	2678	52	1	false	0	0		0	
2018-01-21 16:43:51	15	15.18	https://travis-ci.org/per1234/MightyCore/jobs/331478440	push	false	false	travis-ci	af450ff637263cd9bb7c4be0c8040fdc32ee7ad9	1d72e771dc62...af450ff63726	Use Travis CI for automated testing	/home/travis/Arduino/hardware/MightyCore/avr/libraries/Servo/examples/Knob/Knob.ino	MightyCore:avr:324:pinout=standard,variant=modelP,BOD=1v8,LTO=Os,clock=12MHz_external	1.6.13	2756	56	1	false	0	0		0	
2018-01-21 16:43:54	15	15.18	https://travis-ci.org/per1234/MightyCore/jobs/331478440	push	false	false	travis-ci	af450ff637263cd9bb7c4be0c8040fdc32ee7ad9	1d72e771dc62...af450ff63726	Use Travis CI for automated testing	/home/travis/Arduino/hardware/MightyCore/avr/libraries/AVR_examples/examples/Measure_period_length/Measure_period_length.ino	MightyCore:avr:324:pinout=standard,variant=modelP,BOD=1v8,LTO=Os,clock=12MHz_external	1.6.13	1782	200	0	false	0	0		0	
2018-01-21 16:43:57	15	15.18	https://travis-ci.org/per1234/MightyCore/jobs/331478440	push	false	false	travis-ci	af450ff637263cd9bb7c4be0c8040fdc32ee7ad9	1d72e771dc62...af450ff63726	Use Travis CI for automated testing	/home/travis/Arduino/hardware/MightyCore/avr/libraries/AVR_examples/examples/Watch_dog_timer/Watch_dog_timer.ino	MightyCore:avr:324:pinout=standard,variant=modelP,BOD=1v8,LTO=Os,clock=12MHz_external	1.6.13	246	2	0	false	0	0		0	
2018-01-21 16:44:00	15	15.18	https://travis-ci.org/per1234/MightyCore/jobs/331478440	push	false	false	travis-ci	af450ff637263cd9bb7c4be0c8040fdc32ee7ad9	1d72e771dc62...af450ff63726	Use Travis CI for automated testing	/home/travis/Arduino/hardware/MightyCore/avr/libraries/AVR_examples/examples/Blink_using_Timer0/Blink_using_Timer0.ino	MightyCore:avr:324:pinout=standard,variant=modelP,BOD=1v8,LTO=Os,clock=12MHz_external	1.6.13	240	2	0	false	0	0		0	
2018-01-21 16:44:03	15	15.18	https://travis-ci.org/per1234/MightyCore/jobs/331478440	push	false	false	travis-ci	af450ff637263cd9bb7c4be0c8040fdc32ee7ad9	1d72e771dc62...af450ff63726	Use Travis CI for automated testing	/home/travis/Arduino/hardware/MightyCore/avr/libraries/AVR_examples/examples/Read_port_write_port/Read_port_write_port.ino	MightyCore:avr:324:pinout=standard,variant=modelP,BOD=1v8,LTO=Os,clock=12MHz_external	1.6.13	164	0	0	false	0	0		0	
2018-01-21 16:44:06	15	15.18	https://travis-ci.org/per1234/MightyCore/jobs/331478440	push	false	false	travis-ci	af450ff637263cd9bb7c4be0c8040fdc32ee7ad9	1d72e771dc62...af450ff63726	Use Travis CI for automated testing	/home/travis/Arduino/hardware/MightyCore/avr/libraries/AVR_examples/examples/Blink/Blink.ino	MightyCore:avr:324:pinout=standard,variant=modelP,BOD=1v8,LTO=Os,clock=12MHz_external	1.6.13	196	0	0	false	0	0		0	
2018-01-21 16:44:11	15	15.18	https://travis-ci.org/per1234/MightyCore/jobs/331478440	push	false	false	travis-ci	af450ff637263cd9bb7c4be0c8040fdc32ee7ad9	1d72e771dc62...af450ff63726	Use Travis CI for automated testing	/home/travis/Arduino/hardware/MightyCore/avr/libraries/Ethernet/examples/AdvancedChatServer/AdvancedChatServer.ino	MightyCore:avr:324:pinout=standard,variant=modelP,BOD=1v8,LTO=Os,clock=12MHz_external	1.6.13	12384	534	1	false	0	0		0	
2018-01-21 16:44:15	15	15.18	https://travis-ci.org/per1234/MightyCore/jobs/331478440	push	false	false	travis-ci	af450ff637263cd9bb7c4be0c8040fdc32ee7ad9	1d72e771dc62...af450ff63726	Use Travis CI for automated testing	/home/travis/Arduino/hardware/MightyCore/avr/libraries/Ethernet/examples/BarometricPressureWebServer/BarometricPressureWebServer.ino	MightyCore:avr:324:pinout=standard,variant=modelP,BOD=1v8,LTO=Os,clock=12MHz_external	1.6.13	16584	538	3	false	0	0		0	
2018-01-21 16:44:20	15	15.18	https://travis-ci.org/per1234/MightyCore/jobs/331478440	push	false	false	travis-ci	af450ff637263cd9bb7c4be0c8040fdc32ee7ad9	1d72e771dc62...af450ff63726	Use Travis CI for automated testing	/home/travis/Arduino/hardware/MightyCore/avr/libraries/Ethernet/examples/WebClient/WebClient.ino	MightyCore:avr:324:pinout=standard,variant=modelP,BOD=1v8,LTO=Os,clock=12MHz_external	1.6.13	14912	691	1	false	0	0		0	
2018-01-21 16:44:24	15	15.18	https://travis-ci.org/per1234/MightyCore/jobs/331478440	push	false	false	travis-ci	af450ff637263cd9bb7c4be0c8040fdc32ee7ad9	1d72e771dc62...af450ff63726	Use Travis CI for automated testing	/home/travis/Arduino/hardware/MightyCore/avr/libraries/Ethernet/examples/WebClientRepeating/WebClientRepeating.ino	MightyCore:avr:324:pinout=standard,variant=modelP,BOD=1v8,LTO=Os,clock=12MHz_external	1.6.13	11536	563	1	false	0	0		0	
2018-01-21 16:44:29	15	15.18	https://travis-ci.org/per1234/MightyCore/jobs/331478440	push	false	false	travis-ci	af450ff637263cd9bb7c4be0c8040fdc32ee7ad9	1d72e771dc62...af450ff63726	Use Travis CI for automated testing	/home/travis/Arduino/hardware/MightyCore/avr/libraries/Ethernet/examples/WebServer/WebServer.ino	MightyCore:avr:324:pinout=standard,variant=modelP,BOD=1v8,LTO=Os,clock=12MHz_external	1.6.13	12906	572	1	false	0	0		0	
2018-01-21 16:44:33	15	15.18	https://travis-ci.org/per1234/MightyCore/jobs/331478440	push	false	false	travis-ci	af450ff637263cd9bb7c4be0c8040fdc32ee7ad9	1d72e771dc62...af450ff63726	Use Travis CI for automated testing	/home/travis/Arduino/hardware/MightyCore/avr/libraries/Ethernet/examples/UdpNtpClient/UdpNtpClient.ino	MightyCore:avr:324:pinout=standard,variant=modelP,BOD=1v8,LTO=Os,clock=12MHz_external	1.6.13	13414	641	1	false	0	0		0	
2018-01-21 16:44:38	15	15.18	https://travis-ci.org/per1234/MightyCore/jobs/331478440	push	false	false	travis-ci	af450ff637263cd9bb7c4be0c8040fdc32ee7ad9	1d72e771dc62...af450ff63726	Use Travis CI for automated testing	/home/travis/Arduino/hardware/MightyCore/avr/libraries/Ethernet/examples/DhcpChatServer/DhcpChatServer.ino	MightyCore:avr:324:pinout=standard,variant=modelP,BOD=1v8,LTO=Os,clock=12MHz_external	1.6.13	16014	665	1	false	0	0		0	
2018-01-21 16:44:42	15	15.18	https://travis-ci.org/per1234/MightyCore/jobs/331478440	push	false	false	travis-ci	af450ff637263cd9bb7c4be0c8040fdc32ee7ad9	1d72e771dc62...af450ff63726	Use Travis CI for automated testing	/home/travis/Arduino/hardware/MightyCore/avr/libraries/Ethernet/examples/DhcpAddressPrinter/DhcpAddressPrinter.ino	MightyCore:avr:324:pinout=standard,variant=modelP,BOD=1v8,LTO=Os,clock=12MHz_external	1.6.13	14654	631	1	false	0	0		0	
2018-01-21 16:44:47	15	15.18	https://travis-ci.org/per1234/MightyCore/jobs/331478440	push	false	false	travis-ci	af450ff637263cd9bb7c4be0c8040fdc32ee7ad9	1d72e771dc62...af450ff63726	Use Travis CI for automated testing	/home/travis/Arduino/hardware/MightyCore/avr/libraries/Ethernet/examples/TelnetClient/TelnetClient.ino	MightyCore:avr:324:pinout=standard,variant=modelP,BOD=1v8,LTO=Os,clock=12MHz_external	1.6.13	11390	459	1	false	0	0		0	
2018-01-21 16:44:51	15	15.18	https://travis-ci.org/per1234/MightyCore/jobs/331478440	push	false	false	travis-ci	af450ff637263cd9bb7c4be0c8040fdc32ee7ad9	1d72e771dc62...af450ff63726	Use Travis CI for automated testing	/home/travis/Arduino/hardware/MightyCore/avr/libraries/Ethernet/examples/UDPSendReceiveString/UDPSendReceiveString.ino	MightyCore:avr:324:pinout=standard,variant=modelP,BOD=1v8,LTO=Os,clock=12MHz_external	1.6.13	10228	463	1	false	0	0		0	
2018-01-21 16:44:56	15	15.18	https://travis-ci.org/per1234/MightyCore/jobs/331478440	push	false	false	travis-ci	af450ff637263cd9bb7c4be0c8040fdc32ee7ad9	1d72e771dc62...af450ff63726	Use Travis CI for automated testing	/home/travis/Arduino/hardware/MightyCore/avr/libraries/Ethernet/examples/ChatServer/ChatServer.ino	MightyCore:avr:324:pinout=standard,variant=modelP,BOD=1v8,LTO=Os,clock=12MHz_external	1.6.13	11964	475	1	false	0	0		0	
2018-01-21 16:44:59	15	15.18	https://travis-ci.org/per1234/MightyCore/jobs/331478440	push	false	false	travis-ci	af450ff637263cd9bb7c4be0c8040fdc32ee7ad9	1d72e771dc62...af450ff63726	Use Travis CI for automated testing	/home/travis/Arduino/hardware/MightyCore/avr/libraries/Wire/examples/slave_receiver/slave_receiver.ino	MightyCore:avr:324:pinout=standard,variant=modelP,BOD=1v8,LTO=Os,clock=12MHz_external	1.6.13	3934	409	1	false	0	0		0	
2018-01-21 16:45:02	15	15.18	https://travis-ci.org/per1234/MightyCore/jobs/331478440	push	false	false	travis-ci	af450ff637263cd9bb7c4be0c8040fdc32ee7ad9	1d72e771dc62...af450ff63726	Use Travis CI for automated testing	/home/travis/Arduino/hardware/MightyCore/avr/libraries/Wire/examples/i2c_scanner/i2c_scanner.ino	MightyCore:avr:324:pinout=standard,variant=modelP,BOD=1v8,LTO=Os,clock=12MHz_external	1.6.13	4158	522	0	false	0	0		0	
2018-01-21 16:45:06	15	15.18	https://travis-ci.org/per1234/MightyCore/jobs/331478440	push	false	false	travis-ci	af450ff637263cd9bb7c4be0c8040fdc32ee7ad9	1d72e771dc62...af450ff63726	Use Travis CI for automated testing	/home/travis/Arduino/hardware/MightyCore/avr/libraries/Wire/examples/digital_potentiometer/digital_potentiometer.ino	MightyCore:avr:324:pinout=standard,variant=modelP,BOD=1v8,LTO=Os,clock=12MHz_external	1.6.13	2472	218	0	false	0	0		0	
2018-01-21 16:45:09	15	15.18	https://travis-ci.org/per1234/MightyCore/jobs/331478440	push	false	false	travis-ci	af450ff637263cd9bb7c4be0c8040fdc32ee7ad9	1d72e771dc62...af450ff63726	Use Travis CI for automated testing	/home/travis/Arduino/hardware/MightyCore/avr/libraries/Wire/examples/SFRRanger_reader/SFRRanger_reader.ino	MightyCore:avr:324:pinout=standard,variant=modelP,BOD=1v8,LTO=Os,clock=12MHz_external	1.6.13	4444	408	0	false	0	0		0	
2018-01-21 16:45:12	15	15.18	https://travis-ci.org/per1234/MightyCore/jobs/331478440	push	false	false	travis-ci	af450ff637263cd9bb7c4be0c8040fdc32ee7ad9	1d72e771dc62...af450ff63726	Use Travis CI for automated testing	/home/travis/Arduino/hardware/MightyCore/avr/libraries/Wire/examples/slave_sender/slave_sender.ino	MightyCore:avr:324:pinout=standard,variant=modelP,BOD=1v8,LTO=Os,clock=12MHz_external	1.6.13	2398	228	0	false	0	0		0	
2018-01-21 16:45:16	15	15.18	https://travis-ci.org/per1234/MightyCore/jobs/331478440	push	false	false	travis-ci	af450ff637263cd9bb7c4be0c8040fdc32ee7ad9	1d72e771dc62...af450ff63726	Use Travis CI for automated testing	/home/travis/Arduino/hardware/MightyCore/avr/libraries/Wire/examples/master_reader/master_reader.ino	MightyCore:avr:324:pinout=standard,variant=modelP,BOD=1v8,LTO=Os,clock=12MHz_external	1.6.13	3910	390	0	false	0	0		0	
2018-01-21 16:45:19	15	15.18	https://travis-ci.org/per1234/MightyCore/jobs/331478440	push	false	false	travis-ci	af450ff637263cd9bb7c4be0c8040fdc32ee7ad9	1d72e771dc62...af450ff63726	Use Travis CI for automated testing	/home/travis/Arduino/hardware/MightyCore/avr/libraries/Wire/examples/master_writer/master_writer.ino	MightyCore:avr:324:pinout=standard,variant=modelP,BOD=1v8,LTO=Os,clock=12MHz_external	1.6.13	2486	224	0	false	0	0		0	
2018-01-21 16:45:22	15	15.18	https://travis-ci.org/per1234/MightyCore/jobs/331478440	push	false	false	travis-ci	af450ff637263cd9bb7c4be0c8040fdc32ee7ad9	1d72e771dc62...af450ff63726	Use Travis CI for automated testing	/home/travis/Arduino/hardware/MightyCore/avr/libraries/SPI/examples/BarometricPressureSensor/BarometricPressureSensor.ino	MightyCore:avr:324:pinout=standard,variant=modelP,BOD=1v8,LTO=Os,clock=12MHz_external	1.6.13	6778	235	1	false	0	0		0	
2018-01-21 16:45:25	15	15.18	https://travis-ci.org/per1234/MightyCore/jobs/331478440	push	false	false	travis-ci	af450ff637263cd9bb7c4be0c8040fdc32ee7ad9	1d72e771dc62...af450ff63726	Use Travis CI for automated testing	/home/travis/Arduino/hardware/MightyCore/avr/libraries/SPI/examples/DigitalPotControl/DigitalPotControl.ino	MightyCore:avr:324:pinout=standard,variant=modelP,BOD=1v8,LTO=Os,clock=12MHz_external	1.6.13	1426	10	0	false	0	0		0	
2018-01-21 16:45:31	15	15.18	https://travis-ci.org/per1234/MightyCore/jobs/331478440	push	false	false	travis-ci	af450ff637263cd9bb7c4be0c8040fdc32ee7ad9	1d72e771dc62...af450ff63726	Use Travis CI for automated testing	/home/travis/Arduino/hardware/MightyCore/avr/libraries/EEPROM/examples/eeprom_update/eeprom_update.ino	MightyCore:avr:324:pinout=standard,variant=modelP,BOD=1v8,LTO=Os,clock=12MHz_external	1.6.7	960	13	3	false	0	0		0	
2018-01-21 16:45:35	15	15.18	https://travis-ci.org/per1234/MightyCore/jobs/331478440	push	false	false	travis-ci	af450ff637263cd9bb7c4be0c8040fdc32ee7ad9	1d72e771dc62...af450ff63726	Use Travis CI for automated testing	/home/travis/Arduino/hardware/MightyCore/avr/libraries/EEPROM/examples/eeprom_crc/eeprom_crc.ino	MightyCore:avr:324:pinout=standard,variant=modelP,BOD=1v8,LTO=Os,clock=12MHz_external	1.6.7	2450	310	3	false	0	0		0	
2018-01-21 16:45:38	15	15.18	https://travis-ci.org/per1234/MightyCore/jobs/331478440	push	false	false	travis-ci	af450ff637263cd9bb7c4be0c8040fdc32ee7ad9	1d72e771dc62...af450ff63726	Use Travis CI for automated testing	/home/travis/Arduino/hardware/MightyCore/avr/libraries/EEPROM/examples/eeprom_iteration/eeprom_iteration.ino	MightyCore:avr:324:pinout=standard,variant=modelP,BOD=1v8,LTO=Os,clock=12MHz_external	1.6.7	692	9	5	false	0	0		0	
2018-01-21 16:45:42	15	15.18	https://travis-ci.org/per1234/MightyCore/jobs/331478440	push	false	false	travis-ci	af450ff637263cd9bb7c4be0c8040fdc32ee7ad9	1d72e771dc62...af450ff63726	Use Travis CI for automated testing	/home/travis/Arduino/hardware/MightyCore/avr/libraries/EEPROM/examples/eeprom_put/eeprom_put.ino	MightyCore:avr:324:pinout=standard,variant=modelP,BOD=1v8,LTO=Os,clock=12MHz_external	1.6.7	2174	340	2	false	0	0		0	
2018-01-21 16:45:46	15	15.18	https://travis-ci.org/per1234/MightyCore/jobs/331478440	push	false	false	travis-ci	af450ff637263cd9bb7c4be0c8040fdc32ee7ad9	1d72e771dc62...af450ff63726	Use Travis CI for automated testing	/home/travis/Arduino/hardware/MightyCore/avr/libraries/EEPROM/examples/eeprom_clear/eeprom_clear.ino	MightyCore:avr:324:pinout=standard,variant=modelP,BOD=1v8,LTO=Os,clock=12MHz_external	1.6.7	818	9	3	false	0	0		0	
2018-01-21 16:45:49	15	15.18	https://travis-ci.org/per1234/MightyCore/jobs/331478440	push	false	false	travis-ci	af450ff637263cd9bb7c4be0c8040fdc32ee7ad9	1d72e771dc62...af450ff63726	Use Travis CI for automated testing	/home/travis/Arduino/hardware/MightyCore/avr/libraries/EEPROM/examples/eeprom_read/eeprom_read.ino	MightyCore:avr:324:pinout=standard,variant=modelP,BOD=1v8,LTO=Os,clock=12MHz_external	1.6.7	2438	203	3	false	0	0		0	
2018-01-21 16:45:53	15	15.18	https://travis-ci.org/per1234/MightyCore/jobs/331478440	push	false	false	travis-ci	af450ff637263cd9bb7c4be0c8040fdc32ee7ad9	1d72e771dc62...af450ff63726	Use Travis CI for automated testing	/home/travis/Arduino/hardware/MightyCore/avr/libraries/EEPROM/examples/eeprom_get/eeprom_get.ino	MightyCore:avr:324:pinout=standard,variant=modelP,BOD=1v8,LTO=Os,clock=12MHz_external	1.6.7	3928	256	2	false	0	0		0	
2018-01-21 16:45:56	15	15.18	https://travis-ci.org/per1234/MightyCore/jobs/331478440	push	false	false	travis-ci	af450ff637263cd9bb7c4be0c8040fdc32ee7ad9	1d72e771dc62...af450ff63726	Use Travis CI for automated testing	/home/travis/Arduino/hardware/MightyCore/avr/libraries/EEPROM/examples/eeprom_write/eeprom_write.ino	MightyCore:avr:324:pinout=standard,variant=modelP,BOD=1v8,LTO=Os,clock=12MHz_external	1.6.7	910	13	3	false	0	0		0	
2018-01-21 16:46:00	15	15.18	https://travis-ci.org/per1234/MightyCore/jobs/331478440	push	false	false	travis-ci	af450ff637263cd9bb7c4be0c8040fdc32ee7ad9	1d72e771dc62...af450ff63726	Use Travis CI for automated testing	/home/travis/Arduino/hardware/MightyCore/avr/libraries/SoftwareSerial/examples/TwoPortReceive/TwoPortReceive.ino	MightyCore:avr:324:pinout=standard,variant=modelP,BOD=1v8,LTO=Os,clock=12MHz_external	1.6.7	4460	390	2	false	0	0		0	
2018-01-21 16:46:04	15	15.18	https://travis-ci.org/per1234/MightyCore/jobs/331478440	push	false	false	travis-ci	af450ff637263cd9bb7c4be0c8040fdc32ee7ad9	1d72e771dc62...af450ff63726	Use Travis CI for automated testing	/home/travis/Arduino/hardware/MightyCore/avr/libraries/SoftwareSerial/examples/SoftwareSerialExample/SoftwareSerialExample.ino	MightyCore:avr:324:pinout=standard,variant=modelP,BOD=1v8,LTO=Os,clock=12MHz_external	1.6.7	4374	349	2	false	0	0		0	
2018-01-21 16:46:09	15	15.18	https://travis-ci.org/per1234/MightyCore/jobs/331478440	push	false	false	travis-ci	af450ff637263cd9bb7c4be0c8040fdc32ee7ad9	1d72e771dc62...af450ff63726	Use Travis CI for automated testing	/home/travis/Arduino/hardware/MightyCore/avr/libraries/SD/examples/ReadWrite/ReadWrite.ino	MightyCore:avr:324:pinout=standard,variant=modelP,BOD=1v8,LTO=Os,clock=12MHz_external	1.6.7	12848	1006	5	false	0	0		0	
2018-01-21 16:46:13	15	15.18	https://travis-ci.org/per1234/MightyCore/jobs/331478440	push	false	false	travis-ci	af450ff637263cd9bb7c4be0c8040fdc32ee7ad9	1d72e771dc62...af450ff63726	Use Travis CI for automated testing	/home/travis/Arduino/hardware/MightyCore/avr/libraries/SD/examples/Files/Files.ino	MightyCore:avr:324:pinout=standard,variant=modelP,BOD=1v8,LTO=Os,clock=12MHz_external	1.6.7	13462	1040	5	false	0	0		0	
2018-01-21 16:46:18	15	15.18	https://travis-ci.org/per1234/MightyCore/jobs/331478440	push	false	false	travis-ci	af450ff637263cd9bb7c4be0c8040fdc32ee7ad9	1d72e771dc62...af450ff63726	Use Travis CI for automated testing	/home/travis/Arduino/hardware/MightyCore/avr/libraries/SD/examples/Datalogger/Datalogger.ino	MightyCore:avr:324:pinout=standard,variant=modelP,BOD=1v8,LTO=Os,clock=12MHz_external	1.6.7	13954	937	5	false	0	0		0	
2018-01-21 16:46:23	15	15.18	https://travis-ci.org/per1234/MightyCore/jobs/331478440	push	false	false	travis-ci	af450ff637263cd9bb7c4be0c8040fdc32ee7ad9	1d72e771dc62...af450ff63726	Use Travis CI for automated testing	/home/travis/Arduino/hardware/MightyCore/avr/libraries/SD/examples/CardInfo/CardInfo.ino	MightyCore:avr:324:pinout=standard,variant=modelP,BOD=1v8,LTO=Os,clock=12MHz_external	1.6.7	11408	1358	5	false	0	0		0	
2018-01-21 16:46:27	15	15.18	https://travis-ci.org/per1234/MightyCore/jobs/331478440	push	false	false	travis-ci	af450ff637263cd9bb7c4be0c8040fdc32ee7ad9	1d72e771dc62...af450ff63726	Use Travis CI for automated testing	/home/travis/Arduino/hardware/MightyCore/avr/libraries/SD/examples/listfiles/listfiles.ino	MightyCore:avr:324:pinout=standard,variant=modelP,BOD=1v8,LTO=Os,clock=12MHz_external	1.6.7	13578	942	5	false	0	0		0	
2018-01-21 16:46:32	15	15.18	https://travis-ci.org/per1234/MightyCore/jobs/331478440	push	false	false	travis-ci	af450ff637263cd9bb7c4be0c8040fdc32ee7ad9	1d72e771dc62...af450ff63726	Use Travis CI for automated testing	/home/travis/Arduino/hardware/MightyCore/avr/libraries/SD/examples/DumpFile/DumpFile.ino	MightyCore:avr:324:pinout=standard,variant=modelP,BOD=1v8,LTO=Os,clock=12MHz_external	1.6.7	12522	935	5	false	0	0		0	
2018-01-21 16:46:36	15	15.18	https://travis-ci.org/per1234/MightyCore/jobs/331478440	push	false	false	travis-ci	af450ff637263cd9bb7c4be0c8040fdc32ee7ad9	1d72e771dc62...af450ff63726	Use Travis CI for automated testing	/home/travis/Arduino/hardware/MightyCore/avr/libraries/Timer/examples/Events/Events.ino	MightyCore:avr:324:pinout=standard,variant=modelP,BOD=1v8,LTO=Os,clock=12MHz_external	1.6.7	3858	550	0	false	0	0		0	
2018-01-21 16:46:39	15	15.18	https://travis-ci.org/per1234/MightyCore/jobs/331478440	push	false	false	travis-ci	af450ff637263cd9bb7c4be0c8040fdc32ee7ad9	1d72e771dc62...af450ff63726	Use Travis CI for automated testing	/home/travis/Arduino/hardware/MightyCore/avr/libraries/Timer/examples/Multitasking/Multitasking.ino	MightyCore:avr:324:pinout=standard,variant=modelP,BOD=1v8,LTO=Os,clock=12MHz_external	1.6.7	3350	454	1	false	0	0		0	
2018-01-21 16:46:43	15	15.18	https://travis-ci.org/per1234/MightyCore/jobs/331478440	push	false	false	travis-ci	af450ff637263cd9bb7c4be0c8040fdc32ee7ad9	1d72e771dc62...af450ff63726	Use Travis CI for automated testing	/home/travis/Arduino/hardware/MightyCore/avr/libraries/Timer/examples/Pin_high_10_minutes/Pin_high_10_minutes.ino	MightyCore:avr:324:pinout=standard,variant=modelP,BOD=1v8,LTO=Os,clock=12MHz_external	1.6.7	1522	205	1	false	0	0		0	
2018-01-21 16:46:47	15	15.18	https://travis-ci.org/per1234/MightyCore/jobs/331478440	push	false	false	travis-ci	af450ff637263cd9bb7c4be0c8040fdc32ee7ad9	1d72e771dc62...af450ff63726	Use Travis CI for automated testing	/home/travis/Arduino/hardware/MightyCore/avr/libraries/Timer/examples/TimerTest/TimerTest.ino	MightyCore:avr:324:pinout=standard,variant=modelP,BOD=1v8,LTO=Os,clock=12MHz_external	1.6.7	1486	203	0	false	0	0		0	
2018-01-21 16:46:50	15	15.18	https://travis-ci.org/per1234/MightyCore/jobs/331478440	push	false	false	travis-ci	af450ff637263cd9bb7c4be0c8040fdc32ee7ad9	1d72e771dc62...af450ff63726	Use Travis CI for automated testing	/home/travis/Arduino/hardware/MightyCore/avr/libraries/Optiboot_flasher/examples/SerialReadWrite/SerialReadWrite.ino	MightyCore:avr:324:pinout=standard,variant=modelP,BOD=1v8,LTO=Os,clock=12MHz_external	1.6.7	6598	331	0	false	0	0		0	
2018-01-21 16:46:54	15	15.18	https://travis-ci.org/per1234/MightyCore/jobs/331478440	push	false	false	travis-ci	af450ff637263cd9bb7c4be0c8040fdc32ee7ad9	1d72e771dc62...af450ff63726	Use Travis CI for automated testing	/home/travis/Arduino/hardware/MightyCore/avr/libraries/Servo/examples/Sweep/Sweep.ino	MightyCore:avr:324:pinout=standard,variant=modelP,BOD=1v8,LTO=Os,clock=12MHz_external	1.6.7	2678	52	1	false	0	0		0	
2018-01-21 16:46:58	15	15.18	https://travis-ci.org/per1234/MightyCore/jobs/331478440	push	false	false	travis-ci	af450ff637263cd9bb7c4be0c8040fdc32ee7ad9	1d72e771dc62...af450ff63726	Use Travis CI for automated testing	/home/travis/Arduino/hardware/MightyCore/avr/libraries/Servo/examples/Knob/Knob.ino	MightyCore:avr:324:pinout=standard,variant=modelP,BOD=1v8,LTO=Os,clock=12MHz_external	1.6.7	2756	56	1	false	0	0		0	
2018-01-21 16:47:01	15	15.18	https://travis-ci.org/per1234/MightyCore/jobs/331478440	push	false	false	travis-ci	af450ff637263cd9bb7c4be0c8040fdc32ee7ad9	1d72e771dc62...af450ff63726	Use Travis CI for automated testing	/home/travis/Arduino/hardware/MightyCore/avr/libraries/AVR_examples/examples/Measure_period_length/Measure_period_length.ino	MightyCore:avr:324:pinout=standard,variant=modelP,BOD=1v8,LTO=Os,clock=12MHz_external	1.6.7	1782	200	0	false	0	0		0	
2018-01-21 16:47:05	15	15.18	https://travis-ci.org/per1234/MightyCore/jobs/331478440	push	false	false	travis-ci	af450ff637263cd9bb7c4be0c8040fdc32ee7ad9	1d72e771dc62...af450ff63726	Use Travis CI for automated testing	/home/travis/Arduino/hardware/MightyCore/avr/libraries/AVR_examples/examples/Watch_dog_timer/Watch_dog_timer.ino	MightyCore:avr:324:pinout=standard,variant=modelP,BOD=1v8,LTO=Os,clock=12MHz_external	1.6.7	246	2	0	false	0	0		0	
2018-01-21 16:47:08	15	15.18	https://travis-ci.org/per1234/MightyCore/jobs/331478440	push	false	false	travis-ci	af450ff637263cd9bb7c4be0c8040fdc32ee7ad9	1d72e771dc62...af450ff63726	Use Travis CI for automated testing	/home/travis/Arduino/hardware/MightyCore/avr/libraries/AVR_examples/examples/Blink_using_Timer0/Blink_using_Timer0.ino	MightyCore:avr:324:pinout=standard,variant=modelP,BOD=1v8,LTO=Os,clock=12MHz_external	1.6.7	240	2	0	false	0	0		0	
2018-01-21 16:47:12	15	15.18	https://travis-ci.org/per1234/MightyCore/jobs/331478440	push	false	false	travis-ci	af450ff637263cd9bb7c4be0c8040fdc32ee7ad9	1d72e771dc62...af450ff63726	Use Travis CI for automated testing	/home/travis/Arduino/hardware/MightyCore/avr/libraries/AVR_examples/examples/Read_port_write_port/Read_port_write_port.ino	MightyCore:avr:324:pinout=standard,variant=modelP,BOD=1v8,LTO=Os,clock=12MHz_external	1.6.7	164	0	0	false	0	0		0	
2018-01-21 16:47:15	15	15.18	https://travis-ci.org/per1234/MightyCore/jobs/331478440	push	false	false	travis-ci	af450ff637263cd9bb7c4be0c8040fdc32ee7ad9	1d72e771dc62...af450ff63726	Use Travis CI for automated testing	/home/travis/Arduino/hardware/MightyCore/avr/libraries/AVR_examples/examples/Blink/Blink.ino	MightyCore:avr:324:pinout=standard,variant=modelP,BOD=1v8,LTO=Os,clock=12MHz_external	1.6.7	196	0	0	false	0	0		0	
2018-01-21 16:47:20	15	15.18	https://travis-ci.org/per1234/MightyCore/jobs/331478440	push	false	false	travis-ci	af450ff637263cd9bb7c4be0c8040fdc32ee7ad9	1d72e771dc62...af450ff63726	Use Travis CI for automated testing	/home/travis/Arduino/hardware/MightyCore/avr/libraries/Ethernet/examples/AdvancedChatServer/AdvancedChatServer.ino	MightyCore:avr:324:pinout=standard,variant=modelP,BOD=1v8,LTO=Os,clock=12MHz_external	1.6.7	12384	534	1	false	0	0		0	
2018-01-21 16:47:25	15	15.18	https://travis-ci.org/per1234/MightyCore/jobs/331478440	push	false	false	travis-ci	af450ff637263cd9bb7c4be0c8040fdc32ee7ad9	1d72e771dc62...af450ff63726	Use Travis CI for automated testing	/home/travis/Arduino/hardware/MightyCore/avr/libraries/Ethernet/examples/BarometricPressureWebServer/BarometricPressureWebServer.ino	MightyCore:avr:324:pinout=standard,variant=modelP,BOD=1v8,LTO=Os,clock=12MHz_external	1.6.7	16584	538	3	false	0	0		0	
2018-01-21 16:47:29	15	15.18	https://travis-ci.org/per1234/MightyCore/jobs/331478440	push	false	false	travis-ci	af450ff637263cd9bb7c4be0c8040fdc32ee7ad9	1d72e771dc62...af450ff63726	Use Travis CI for automated testing	/home/travis/Arduino/hardware/MightyCore/avr/libraries/Ethernet/examples/WebClient/WebClient.ino	MightyCore:avr:324:pinout=standard,variant=modelP,BOD=1v8,LTO=Os,clock=12MHz_external	1.6.7	14912	691	1	false	0	0		0	
2018-01-21 16:47:34	15	15.18	https://travis-ci.org/per1234/MightyCore/jobs/331478440	push	false	false	travis-ci	af450ff637263cd9bb7c4be0c8040fdc32ee7ad9	1d72e771dc62...af450ff63726	Use Travis CI for automated testing	/home/travis/Arduino/hardware/MightyCore/avr/libraries/Ethernet/examples/WebClientRepeating/WebClientRepeating.ino	MightyCore:avr:324:pinout=standard,variant=modelP,BOD=1v8,LTO=Os,clock=12MHz_external	1.6.7	11536	563	1	false	0	0		0	
2018-01-21 16:47:39	15	15.18	https://travis-ci.org/per1234/MightyCore/jobs/331478440	push	false	false	travis-ci	af450ff637263cd9bb7c4be0c8040fdc32ee7ad9	1d72e771dc62...af450ff63726	Use Travis CI for automated testing	/home/travis/Arduino/hardware/MightyCore/avr/libraries/Ethernet/examples/WebServer/WebServer.ino	MightyCore:avr:324:pinout=standard,variant=modelP,BOD=1v8,LTO=Os,clock=12MHz_external	1.6.7	12906	572	1	false	0	0		0	
2018-01-21 16:47:44	15	15.18	https://travis-ci.org/per1234/MightyCore/jobs/331478440	push	false	false	travis-ci	af450ff637263cd9bb7c4be0c8040fdc32ee7ad9	1d72e771dc62...af450ff63726	Use Travis CI for automated testing	/home/travis/Arduino/hardware/MightyCore/avr/libraries/Ethernet/examples/UdpNtpClient/UdpNtpClient.ino	MightyCore:avr:324:pinout=standard,variant=modelP,BOD=1v8,LTO=Os,clock=12MHz_external	1.6.7	13414	641	1	false	0	0		0	
2018-01-21 16:47:49	15	15.18	https://travis-ci.org/per1234/MightyCore/jobs/331478440	push	false	false	travis-ci	af450ff637263cd9bb7c4be0c8040fdc32ee7ad9	1d72e771dc62...af450ff63726	Use Travis CI for automated testing	/home/travis/Arduino/hardware/MightyCore/avr/libraries/Ethernet/examples/DhcpChatServer/DhcpChatServer.ino	MightyCore:avr:324:pinout=standard,variant=modelP,BOD=1v8,LTO=Os,clock=12MHz_external	1.6.7	16014	665	1	false	0	0		0	
2018-01-21 16:47:53	15	15.18	https://travis-ci.org/per1234/MightyCore/jobs/331478440	push	false	false	travis-ci	af450ff637263cd9bb7c4be0c8040fdc32ee7ad9	1d72e771dc62...af450ff63726	Use Travis CI for automated testing	/home/travis/Arduino/hardware/MightyCore/avr/libraries/Ethernet/examples/DhcpAddressPrinter/DhcpAddressPrinter.ino	MightyCore:avr:324:pinout=standard,variant=modelP,BOD=1v8,LTO=Os,clock=12MHz_external	1.6.7	14654	631	1	false	0	0		0	
2018-01-21 16:47:58	15	15.18	https://travis-ci.org/per1234/MightyCore/jobs/331478440	push	false	false	travis-ci	af450ff637263cd9bb7c4be0c8040fdc32ee7ad9	1d72e771dc62...af450ff63726	Use Travis CI for automated testing	/home/travis/Arduino/hardware/MightyCore/avr/libraries/Ethernet/examples/TelnetClient/TelnetClient.ino	MightyCore:avr:324:pinout=standard,variant=modelP,BOD=1v8,LTO=Os,clock=12MHz_external	1.6.7	11390	459	1	false	0	0		0	
2018-01-21 16:48:03	15	15.18	https://travis-ci.org/per1234/MightyCore/jobs/331478440	push	false	false	travis-ci	af450ff637263cd9bb7c4be0c8040fdc32ee7ad9	1d72e771dc62...af450ff63726	Use Travis CI for automated testing	/home/travis/Arduino/hardware/MightyCore/avr/libraries/Ethernet/examples/UDPSendReceiveString/UDPSendReceiveString.ino	MightyCore:avr:324:pinout=standard,variant=modelP,BOD=1v8,LTO=Os,clock=12MHz_external	1.6.7	10228	463	1	false	0	0		0	
2018-01-21 16:48:08	15	15.18	https://travis-ci.org/per1234/MightyCore/jobs/331478440	push	false	false	travis-ci	af450ff637263cd9bb7c4be0c8040fdc32ee7ad9	1d72e771dc62...af450ff63726	Use Travis CI for automated testing	/home/travis/Arduino/hardware/MightyCore/avr/libraries/Ethernet/examples/ChatServer/ChatServer.ino	MightyCore:avr:324:pinout=standard,variant=modelP,BOD=1v8,LTO=Os,clock=12MHz_external	1.6.7	11964	475	1	false	0	0		0	
2018-01-21 16:48:11	15	15.18	https://travis-ci.org/per1234/MightyCore/jobs/331478440	push	false	false	travis-ci	af450ff637263cd9bb7c4be0c8040fdc32ee7ad9	1d72e771dc62...af450ff63726	Use Travis CI for automated testing	/home/travis/Arduino/hardware/MightyCore/avr/libraries/Wire/examples/slave_receiver/slave_receiver.ino	MightyCore:avr:324:pinout=standard,variant=modelP,BOD=1v8,LTO=Os,clock=12MHz_external	1.6.7	3934	409	1	false	0	0		0	
2018-01-21 16:48:15	15	15.18	https://travis-ci.org/per1234/MightyCore/jobs/331478440	push	false	false	travis-ci	af450ff637263cd9bb7c4be0c8040fdc32ee7ad9	1d72e771dc62...af450ff63726	Use Travis CI for automated testing	/home/travis/Arduino/hardware/MightyCore/avr/libraries/Wire/examples/i2c_scanner/i2c_scanner.ino	MightyCore:avr:324:pinout=standard,variant=modelP,BOD=1v8,LTO=Os,clock=12MHz_external	1.6.7	4158	522	0	false	0	0		0	
2018-01-21 16:48:19	15	15.18	https://travis-ci.org/per1234/MightyCore/jobs/331478440	push	false	false	travis-ci	af450ff637263cd9bb7c4be0c8040fdc32ee7ad9	1d72e771dc62...af450ff63726	Use Travis CI for automated testing	/home/travis/Arduino/hardware/MightyCore/avr/libraries/Wire/examples/digital_potentiometer/digital_potentiometer.ino	MightyCore:avr:324:pinout=standard,variant=modelP,BOD=1v8,LTO=Os,clock=12MHz_external	1.6.7	2472	218	0	false	0	0		0	
2018-01-21 16:48:22	15	15.18	https://travis-ci.org/per1234/MightyCore/jobs/331478440	push	false	false	travis-ci	af450ff637263cd9bb7c4be0c8040fdc32ee7ad9	1d72e771dc62...af450ff63726	Use Travis CI for automated testing	/home/travis/Arduino/hardware/MightyCore/avr/libraries/Wire/examples/SFRRanger_reader/SFRRanger_reader.ino	MightyCore:avr:324:pinout=standard,variant=modelP,BOD=1v8,LTO=Os,clock=12MHz_external	1.6.7	4444	408	0	false	0	0		0	
2018-01-21 16:48:25	15	15.18	https://travis-ci.org/per1234/MightyCore/jobs/331478440	push	false	false	travis-ci	af450ff637263cd9bb7c4be0c8040fdc32ee7ad9	1d72e771dc62...af450ff63726	Use Travis CI for automated testing	/home/travis/Arduino/hardware/MightyCore/avr/libraries/Wire/examples/slave_sender/slave_sender.ino	MightyCore:avr:324:pinout=standard,variant=modelP,BOD=1v8,LTO=Os,clock=12MHz_external	1.6.7	2398	228	0	false	0	0		0	
2018-01-21 16:48:29	15	15.18	https://travis-ci.org/per1234/MightyCore/jobs/331478440	push	false	false	travis-ci	af450ff637263cd9bb7c4be0c8040fdc32ee7ad9	1d72e771dc62...af450ff63726	Use Travis CI for automated testing	/home/travis/Arduino/hardware/MightyCore/avr/libraries/Wire/examples/master_reader/master_reader.ino	MightyCore:avr:324:pinout=standard,variant=modelP,BOD=1v8,LTO=Os,clock=12MHz_external	1.6.7	3910	390	0	false	0	0		0	
2018-01-21 16:48:33	15	15.18	https://travis-ci.org/per1234/MightyCore/jobs/331478440	push	false	false	travis-ci	af450ff637263cd9bb7c4be0c8040fdc32ee7ad9	1d72e771dc62...af450ff63726	Use Travis CI for automated testing	/home/travis/Arduino/hardware/MightyCore/avr/libraries/Wire/examples/master_writer/master_writer.ino	MightyCore:avr:324:pinout=standard,variant=modelP,BOD=1v8,LTO=Os,clock=12MHz_external	1.6.7	2486	224	0	false	0	0		0	
2018-01-21 16:48:37	15	15.18	https://travis-ci.org/per1234/MightyCore/jobs/331478440	push	false	false	travis-ci	af450ff637263cd9bb7c4be0c8040fdc32ee7ad9	1d72e771dc62...af450ff63726	Use Travis CI for automated testing	/home/travis/Arduino/hardware/MightyCore/avr/libraries/SPI/examples/BarometricPressureSensor/BarometricPressureSensor.ino	MightyCore:avr:324:pinout=standard,variant=modelP,BOD=1v8,LTO=Os,clock=12MHz_external	1.6.7	6778	235	1	false	0	0		0	
2018-01-21 16:48:40	15	15.18	https://travis-ci.org/per1234/MightyCore/jobs/331478440	push	false	false	travis-ci	af450ff637263cd9bb7c4be0c8040fdc32ee7ad9	1d72e771dc62...af450ff63726	Use Travis CI for automated testing	/home/travis/Arduino/hardware/MightyCore/avr/libraries/SPI/examples/DigitalPotControl/DigitalPotControl.ino	MightyCore:avr:324:pinout=standard,variant=modelP,BOD=1v8,LTO=Os,clock=12MHz_external	1.6.7	1426	10	0	false	0	0		0	
2018-01-21 16:48:46	15	15.18	https://travis-ci.org/per1234/MightyCore/jobs/331478440	push	false	false	travis-ci	af450ff637263cd9bb7c4be0c8040fdc32ee7ad9	1d72e771dc62...af450ff63726	Use Travis CI for automated testing	/home/travis/Arduino/hardware/MightyCore/avr/libraries/EEPROM/examples/eeprom_update/eeprom_update.ino	MightyCore:avr:324:pinout=standard,variant=modelP,BOD=1v8,LTO=Os,clock=12MHz_external	1.6.9	960	13	3	false	0	0		0	
2018-01-21 16:48:50	15	15.18	https://travis-ci.org/per1234/MightyCore/jobs/331478440	push	false	false	travis-ci	af450ff637263cd9bb7c4be0c8040fdc32ee7ad9	1d72e771dc62...af450ff63726	Use Travis CI for automated testing	/home/travis/Arduino/hardware/MightyCore/avr/libraries/EEPROM/examples/eeprom_crc/eeprom_crc.ino	MightyCore:avr:324:pinout=standard,variant=modelP,BOD=1v8,LTO=Os,clock=12MHz_external	1.6.9	2450	310	3	false	0	0		0	
2018-01-21 16:48:53	15	15.18	https://travis-ci.org/per1234/MightyCore/jobs/331478440	push	false	false	travis-ci	af450ff637263cd9bb7c4be0c8040fdc32ee7ad9	1d72e771dc62...af450ff63726	Use Travis CI for automated testing	/home/travis/Arduino/hardware/MightyCore/avr/libraries/EEPROM/examples/eeprom_iteration/eeprom_iteration.ino	MightyCore:avr:324:pinout=standard,variant=modelP,BOD=1v8,LTO=Os,clock=12MHz_external	1.6.9	692	9	5	false	0	0		0	
2018-01-21 16:48:57	15	15.18	https://travis-ci.org/per1234/MightyCore/jobs/331478440	push	false	false	travis-ci	af450ff637263cd9bb7c4be0c8040fdc32ee7ad9	1d72e771dc62...af450ff63726	Use Travis CI for automated testing	/home/travis/Arduino/hardware/MightyCore/avr/libraries/EEPROM/examples/eeprom_put/eeprom_put.ino	MightyCore:avr:324:pinout=standard,variant=modelP,BOD=1v8,LTO=Os,clock=12MHz_external	1.6.9	2174	340	2	false	0	0		0	
2018-01-21 16:49:01	15	15.18	https://travis-ci.org/per1234/MightyCore/jobs/331478440	push	false	false	travis-ci	af450ff637263cd9bb7c4be0c8040fdc32ee7ad9	1d72e771dc62...af450ff63726	Use Travis CI for automated testing	/home/travis/Arduino/hardware/MightyCore/avr/libraries/EEPROM/examples/eeprom_clear/eeprom_clear.ino	MightyCore:avr:324:pinout=standard,variant=modelP,BOD=1v8,LTO=Os,clock=12MHz_external	1.6.9	818	9	3	false	0	0		0	
2018-01-21 16:49:04	15	15.18	https://travis-ci.org/per1234/MightyCore/jobs/331478440	push	false	false	travis-ci	af450ff637263cd9bb7c4be0c8040fdc32ee7ad9	1d72e771dc62...af450ff63726	Use Travis CI for automated testing	/home/travis/Arduino/hardware/MightyCore/avr/libraries/EEPROM/examples/eeprom_read/eeprom_read.ino	MightyCore:avr:324:pinout=standard,variant=modelP,BOD=1v8,LTO=Os,clock=12MHz_external	1.6.9	2438	203	3	false	0	0		0	
2018-01-21 16:49:08	15	15.18	https://travis-ci.org/per1234/MightyCore/jobs/331478440	push	false	false	travis-ci	af450ff637263cd9bb7c4be0c8040fdc32ee7ad9	1d72e771dc62...af450ff63726	Use Travis CI for automated testing	/home/travis/Arduino/hardware/MightyCore/avr/libraries/EEPROM/examples/eeprom_get/eeprom_get.ino	MightyCore:avr:324:pinout=standard,variant=modelP,BOD=1v8,LTO=Os,clock=12MHz_external	1.6.9	3928	256	2	false	0	0		0	
2018-01-21 16:49:11	15	15.18	https://travis-ci.org/per1234/MightyCore/jobs/331478440	push	false	false	travis-ci	af450ff637263cd9bb7c4be0c8040fdc32ee7ad9	1d72e771dc62...af450ff63726	Use Travis CI for automated testing	/home/travis/Arduino/hardware/MightyCore/avr/libraries/EEPROM/examples/eeprom_write/eeprom_write.ino	MightyCore:avr:324:pinout=standard,variant=modelP,BOD=1v8,LTO=Os,clock=12MHz_external	1.6.9	910	13	3	false	0	0		0	
2018-01-21 16:49:15	15	15.18	https://travis-ci.org/per1234/MightyCore/jobs/331478440	push	false	false	travis-ci	af450ff637263cd9bb7c4be0c8040fdc32ee7ad9	1d72e771dc62...af450ff63726	Use Travis CI for automated testing	/home/travis/Arduino/hardware/MightyCore/avr/libraries/SoftwareSerial/examples/TwoPortReceive/TwoPortReceive.ino	MightyCore:avr:324:pinout=standard,variant=modelP,BOD=1v8,LTO=Os,clock=12MHz_external	1.6.9	4460	390	2	false	0	0		0	
2018-01-21 16:49:19	15	15.18	https://travis-ci.org/per1234/MightyCore/jobs/331478440	push	false	false	travis-ci	af450ff637263cd9bb7c4be0c8040fdc32ee7ad9	1d72e771dc62...af450ff63726	Use Travis CI for automated testing	/home/travis/Arduino/hardware/MightyCore/avr/libraries/SoftwareSerial/examples/SoftwareSerialExample/SoftwareSerialExample.ino	MightyCore:avr:324:pinout=standard,variant=modelP,BOD=1v8,LTO=Os,clock=12MHz_external	1.6.9	4374	349	2	false	0	0		0	
2018-01-21 16:49:24	15	15.18	https://travis-ci.org/per1234/MightyCore/jobs/331478440	push	false	false	travis-ci	af450ff637263cd9bb7c4be0c8040fdc32ee7ad9	1d72e771dc62...af450ff63726	Use Travis CI for automated testing	/home/travis/Arduino/hardware/MightyCore/avr/libraries/SD/examples/ReadWrite/ReadWrite.ino	MightyCore:avr:324:pinout=standard,variant=modelP,BOD=1v8,LTO=Os,clock=12MHz_external	1.6.9	12848	1006	5	false	0	0		0	
2018-01-21 16:49:28	15	15.18	https://travis-ci.org/per1234/MightyCore/jobs/331478440	push	false	false	travis-ci	af450ff637263cd9bb7c4be0c8040fdc32ee7ad9	1d72e771dc62...af450ff63726	Use Travis CI for automated testing	/home/travis/Arduino/hardware/MightyCore/avr/libraries/SD/examples/Files/Files.ino	MightyCore:avr:324:pinout=standard,variant=modelP,BOD=1v8,LTO=Os,clock=12MHz_external	1.6.9	13462	1040	5	false	0	0		0	
2018-01-21 16:49:33	15	15.18	https://travis-ci.org/per1234/MightyCore/jobs/331478440	push	false	false	travis-ci	af450ff637263cd9bb7c4be0c8040fdc32ee7ad9	1d72e771dc62...af450ff63726	Use Travis CI for automated testing	/home/travis/Arduino/hardware/MightyCore/avr/libraries/SD/examples/Datalogger/Datalogger.ino	MightyCore:avr:324:pinout=standard,variant=modelP,BOD=1v8,LTO=Os,clock=12MHz_external	1.6.9	13954	937	5	false	0	0		0	
2018-01-21 16:49:38	15	15.18	https://travis-ci.org/per1234/MightyCore/jobs/331478440	push	false	false	travis-ci	af450ff637263cd9bb7c4be0c8040fdc32ee7ad9	1d72e771dc62...af450ff63726	Use Travis CI for automated testing	/home/travis/Arduino/hardware/MightyCore/avr/libraries/SD/examples/CardInfo/CardInfo.ino	MightyCore:avr:324:pinout=standard,variant=modelP,BOD=1v8,LTO=Os,clock=12MHz_external	1.6.9	11408	1358	5	false	0	0		0	
2018-01-21 16:49:43	15	15.18	https://travis-ci.org/per1234/MightyCore/jobs/331478440	push	false	false	travis-ci	af450ff637263cd9bb7c4be0c8040fdc32ee7ad9	1d72e771dc62...af450ff63726	Use Travis CI for automated testing	/home/travis/Arduino/hardware/MightyCore/avr/libraries/SD/examples/listfiles/listfiles.ino	MightyCore:avr:324:pinout=standard,variant=modelP,BOD=1v8,LTO=Os,clock=12MHz_external	1.6.9	13578	942	5	false	0	0		0	
2018-01-21 16:49:48	15	15.18	https://travis-ci.org/per1234/MightyCore/jobs/331478440	push	false	false	travis-ci	af450ff637263cd9bb7c4be0c8040fdc32ee7ad9	1d72e771dc62...af450ff63726	Use Travis CI for automated testing	/home/travis/Arduino/hardware/MightyCore/avr/libraries/SD/examples/DumpFile/DumpFile.ino	MightyCore:avr:324:pinout=standard,variant=modelP,BOD=1v8,LTO=Os,clock=12MHz_external	1.6.9	12522	935	5	false	0	0		0	
2018-01-21 16:49:51	15	15.18	https://travis-ci.org/per1234/MightyCore/jobs/331478440	push	false	false	travis-ci	af450ff637263cd9bb7c4be0c8040fdc32ee7ad9	1d72e771dc62...af450ff63726	Use Travis CI for automated testing	/home/travis/Arduino/hardware/MightyCore/avr/libraries/Timer/examples/Events/Events.ino	MightyCore:avr:324:pinout=standard,variant=modelP,BOD=1v8,LTO=Os,clock=12MHz_external	1.6.9	3858	550	0	false	0	0		0	
2018-01-21 16:49:55	15	15.18	https://travis-ci.org/per1234/MightyCore/jobs/331478440	push	false	false	travis-ci	af450ff637263cd9bb7c4be0c8040fdc32ee7ad9	1d72e771dc62...af450ff63726	Use Travis CI for automated testing	/home/travis/Arduino/hardware/MightyCore/avr/libraries/Timer/examples/Multitasking/Multitasking.ino	MightyCore:avr:324:pinout=standard,variant=modelP,BOD=1v8,LTO=Os,clock=12MHz_external	1.6.9	3350	454	1	false	0	0		0	
2018-01-21 16:49:59	15	15.18	https://travis-ci.org/per1234/MightyCore/jobs/331478440	push	false	false	travis-ci	af450ff637263cd9bb7c4be0c8040fdc32ee7ad9	1d72e771dc62...af450ff63726	Use Travis CI for automated testing	/home/travis/Arduino/hardware/MightyCore/avr/libraries/Timer/examples/Pin_high_10_minutes/Pin_high_10_minutes.ino	MightyCore:avr:324:pinout=standard,variant=modelP,BOD=1v8,LTO=Os,clock=12MHz_external	1.6.9	1522	205	1	false	0	0		0	
2018-01-21 16:50:02	15	15.18	https://travis-ci.org/per1234/MightyCore/jobs/331478440	push	false	false	travis-ci	af450ff637263cd9bb7c4be0c8040fdc32ee7ad9	1d72e771dc62...af450ff63726	Use Travis CI for automated testing	/home/travis/Arduino/hardware/MightyCore/avr/libraries/Timer/examples/TimerTest/TimerTest.ino	MightyCore:avr:324:pinout=standard,variant=modelP,BOD=1v8,LTO=Os,clock=12MHz_external	1.6.9	1486	203	0	false	0	0		0	
2018-01-21 16:50:06	15	15.18	https://travis-ci.org/per1234/MightyCore/jobs/331478440	push	false	false	travis-ci	af450ff637263cd9bb7c4be0c8040fdc32ee7ad9	1d72e771dc62...af450ff63726	Use Travis CI for automated testing	/home/travis/Arduino/hardware/MightyCore/avr/libraries/Optiboot_flasher/examples/SerialReadWrite/SerialReadWrite.ino	MightyCore:avr:324:pinout=standard,variant=modelP,BOD=1v8,LTO=Os,clock=12MHz_external	1.6.9	6598	331	0	false	0	0		0	
2018-01-21 16:50:09	15	15.18	https://travis-ci.org/per1234/MightyCore/jobs/331478440	push	false	false	travis-ci	af450ff637263cd9bb7c4be0c8040fdc32ee7ad9	1d72e771dc62...af450ff63726	Use Travis CI for automated testing	/home/travis/Arduino/hardware/MightyCore/avr/libraries/Servo/examples/Sweep/Sweep.ino	MightyCore:avr:324:pinout=standard,variant=modelP,BOD=1v8,LTO=Os,clock=12MHz_external	1.6.9	2678	52	1	false	0	0		0	
2018-01-21 16:50:13	15	15.18	https://travis-ci.org/per1234/MightyCore/jobs/331478440	push	false	false	travis-ci	af450ff637263cd9bb7c4be0c8040fdc32ee7ad9	1d72e771dc62...af450ff63726	Use Travis CI for automated testing	/home/travis/Arduino/hardware/MightyCore/avr/libraries/Servo/examples/Knob/Knob.ino	MightyCore:avr:324:pinout=standard,variant=modelP,BOD=1v8,LTO=Os,clock=12MHz_external	1.6.9	2756	56	1	false	0	0		0	
2018-01-21 16:50:17	15	15.18	https://travis-ci.org/per1234/MightyCore/jobs/331478440	push	false	false	travis-ci	af450ff637263cd9bb7c4be0c8040fdc32ee7ad9	1d72e771dc62...af450ff63726	Use Travis CI for automated testing	/home/travis/Arduino/hardware/MightyCore/avr/libraries/AVR_examples/examples/Measure_period_length/Measure_period_length.ino	MightyCore:avr:324:pinout=standard,variant=modelP,BOD=1v8,LTO=Os,clock=12MHz_external	1.6.9	1782	200	0	false	0	0		0	
2018-01-21 16:50:20	15	15.18	https://travis-ci.org/per1234/MightyCore/jobs/331478440	push	false	false	travis-ci	af450ff637263cd9bb7c4be0c8040fdc32ee7ad9	1d72e771dc62...af450ff63726	Use Travis CI for automated testing	/home/travis/Arduino/hardware/MightyCore/avr/libraries/AVR_examples/examples/Watch_dog_timer/Watch_dog_timer.ino	MightyCore:avr:324:pinout=standard,variant=modelP,BOD=1v8,LTO=Os,clock=12MHz_external	1.6.9	246	2	0	false	0	0		0	
2018-01-21 16:50:24	15	15.18	https://travis-ci.org/per1234/MightyCore/jobs/331478440	push	false	false	travis-ci	af450ff637263cd9bb7c4be0c8040fdc32ee7ad9	1d72e771dc62...af450ff63726	Use Travis CI for automated testing	/home/travis/Arduino/hardware/MightyCore/avr/libraries/AVR_examples/examples/Blink_using_Timer0/Blink_using_Timer0.ino	MightyCore:avr:324:pinout=standard,variant=modelP,BOD=1v8,LTO=Os,clock=12MHz_external	1.6.9	240	2	0	false	0	0		0	
2018-01-21 16:50:27	15	15.18	https://travis-ci.org/per1234/MightyCore/jobs/331478440	push	false	false	travis-ci	af450ff637263cd9bb7c4be0c8040fdc32ee7ad9	1d72e771dc62...af450ff63726	Use Travis CI for automated testing	/home/travis/Arduino/hardware/MightyCore/avr/libraries/AVR_examples/examples/Read_port_write_port/Read_port_write_port.ino	MightyCore:avr:324:pinout=standard,variant=modelP,BOD=1v8,LTO=Os,clock=12MHz_external	1.6.9	164	0	0	false	0	0		0	
2018-01-21 16:50:31	15	15.18	https://travis-ci.org/per1234/MightyCore/jobs/331478440	push	false	false	travis-ci	af450ff637263cd9bb7c4be0c8040fdc32ee7ad9	1d72e771dc62...af450ff63726	Use Travis CI for automated testing	/home/travis/Arduino/hardware/MightyCore/avr/libraries/AVR_examples/examples/Blink/Blink.ino	MightyCore:avr:324:pinout=standard,variant=modelP,BOD=1v8,LTO=Os,clock=12MHz_external	1.6.9	196	0	0	false	0	0		0	
2018-01-21 16:50:36	15	15.18	https://travis-ci.org/per1234/MightyCore/jobs/331478440	push	false	false	travis-ci	af450ff637263cd9bb7c4be0c8040fdc32ee7ad9	1d72e771dc62...af450ff63726	Use Travis CI for automated testing	/home/travis/Arduino/hardware/MightyCore/avr/libraries/Ethernet/examples/AdvancedChatServer/AdvancedChatServer.ino	MightyCore:avr:324:pinout=standard,variant=modelP,BOD=1v8,LTO=Os,clock=12MHz_external	1.6.9	12384	534	1	false	0	0		0	
2018-01-21 16:50:41	15	15.18	https://travis-ci.org/per1234/MightyCore/jobs/331478440	push	false	false	travis-ci	af450ff637263cd9bb7c4be0c8040fdc32ee7ad9	1d72e771dc62...af450ff63726	Use Travis CI for automated testing	/home/travis/Arduino/hardware/MightyCore/avr/libraries/Ethernet/examples/BarometricPressureWebServer/BarometricPressureWebServer.ino	MightyCore:avr:324:pinout=standard,variant=modelP,BOD=1v8,LTO=Os,clock=12MHz_external	1.6.9	16584	538	3	false	0	0		0	
2018-01-21 16:50:46	15	15.18	https://travis-ci.org/per1234/MightyCore/jobs/331478440	push	false	false	travis-ci	af450ff637263cd9bb7c4be0c8040fdc32ee7ad9	1d72e771dc62...af450ff63726	Use Travis CI for automated testing	/home/travis/Arduino/hardware/MightyCore/avr/libraries/Ethernet/examples/WebClient/WebClient.ino	MightyCore:avr:324:pinout=standard,variant=modelP,BOD=1v8,LTO=Os,clock=12MHz_external	1.6.9	14912	691	1	false	0	0		0	
2018-01-21 16:50:51	15	15.18	https://travis-ci.org/per1234/MightyCore/jobs/331478440	push	false	false	travis-ci	af450ff637263cd9bb7c4be0c8040fdc32ee7ad9	1d72e771dc62...af450ff63726	Use Travis CI for automated testing	/home/travis/Arduino/hardware/MightyCore/avr/libraries/Ethernet/examples/WebClientRepeating/WebClientRepeating.ino	MightyCore:avr:324:pinout=standard,variant=modelP,BOD=1v8,LTO=Os,clock=12MHz_external	1.6.9	11536	563	1	false	0	0		0	
2018-01-21 16:50:55	15	15.18	https://travis-ci.org/per1234/MightyCore/jobs/331478440	push	false	false	travis-ci	af450ff637263cd9bb7c4be0c8040fdc32ee7ad9	1d72e771dc62...af450ff63726	Use Travis CI for automated testing	/home/travis/Arduino/hardware/MightyCore/avr/libraries/Ethernet/examples/WebServer/WebServer.ino	MightyCore:avr:324:pinout=standard,variant=modelP,BOD=1v8,LTO=Os,clock=12MHz_external	1.6.9	12906	572	1	false	0	0		0	
2018-01-21 16:51:00	15	15.18	https://travis-ci.org/per1234/MightyCore/jobs/331478440	push	false	false	travis-ci	af450ff637263cd9bb7c4be0c8040fdc32ee7ad9	1d72e771dc62...af450ff63726	Use Travis CI for automated testing	/home/travis/Arduino/hardware/MightyCore/avr/libraries/Ethernet/examples/UdpNtpClient/UdpNtpClient.ino	MightyCore:avr:324:pinout=standard,variant=modelP,BOD=1v8,LTO=Os,clock=12MHz_external	1.6.9	13414	641	1	false	0	0		0	
2018-01-21 16:51:05	15	15.18	https://travis-ci.org/per1234/MightyCore/jobs/331478440	push	false	false	travis-ci	af450ff637263cd9bb7c4be0c8040fdc32ee7ad9	1d72e771dc62...af450ff63726	Use Travis CI for automated testing	/home/travis/Arduino/hardware/MightyCore/avr/libraries/Ethernet/examples/DhcpChatServer/DhcpChatServer.ino	MightyCore:avr:324:pinout=standard,variant=modelP,BOD=1v8,LTO=Os,clock=12MHz_external	1.6.9	16014	665	1	false	0	0		0	
2018-01-21 16:51:10	15	15.18	https://travis-ci.org/per1234/MightyCore/jobs/331478440	push	false	false	travis-ci	af450ff637263cd9bb7c4be0c8040fdc32ee7ad9	1d72e771dc62...af450ff63726	Use Travis CI for automated testing	/home/travis/Arduino/hardware/MightyCore/avr/libraries/Ethernet/examples/DhcpAddressPrinter/DhcpAddressPrinter.ino	MightyCore:avr:324:pinout=standard,variant=modelP,BOD=1v8,LTO=Os,clock=12MHz_external	1.6.9	14654	631	1	false	0	0		0	
2018-01-21 16:51:15	15	15.18	https://travis-ci.org/per1234/MightyCore/jobs/331478440	push	false	false	travis-ci	af450ff637263cd9bb7c4be0c8040fdc32ee7ad9	1d72e771dc62...af450ff63726	Use Travis CI for automated testing	/home/travis/Arduino/hardware/MightyCore/avr/libraries/Ethernet/examples/TelnetClient/TelnetClient.ino	MightyCore:avr:324:pinout=standard,variant=modelP,BOD=1v8,LTO=Os,clock=12MHz_external	1.6.9	11390	459	1	false	0	0		0	
2018-01-21 16:51:19	15	15.18	https://travis-ci.org/per1234/MightyCore/jobs/331478440	push	false	false	travis-ci	af450ff637263cd9bb7c4be0c8040fdc32ee7ad9	1d72e771dc62...af450ff63726	Use Travis CI for automated testing	/home/travis/Arduino/hardware/MightyCore/avr/libraries/Ethernet/examples/UDPSendReceiveString/UDPSendReceiveString.ino	MightyCore:avr:324:pinout=standard,variant=modelP,BOD=1v8,LTO=Os,clock=12MHz_external	1.6.9	10228	463	1	false	0	0		0	
2018-01-21 16:51:24	15	15.18	https://travis-ci.org/per1234/MightyCore/jobs/331478440	push	false	false	travis-ci	af450ff637263cd9bb7c4be0c8040fdc32ee7ad9	1d72e771dc62...af450ff63726	Use Travis CI for automated testing	/home/travis/Arduino/hardware/MightyCore/avr/libraries/Ethernet/examples/ChatServer/ChatServer.ino	MightyCore:avr:324:pinout=standard,variant=modelP,BOD=1v8,LTO=Os,clock=12MHz_external	1.6.9	11964	475	1	false	0	0		0	
2018-01-21 16:51:28	15	15.18	https://travis-ci.org/per1234/MightyCore/jobs/331478440	push	false	false	travis-ci	af450ff637263cd9bb7c4be0c8040fdc32ee7ad9	1d72e771dc62...af450ff63726	Use Travis CI for automated testing	/home/travis/Arduino/hardware/MightyCore/avr/libraries/Wire/examples/slave_receiver/slave_receiver.ino	MightyCore:avr:324:pinout=standard,variant=modelP,BOD=1v8,LTO=Os,clock=12MHz_external	1.6.9	3934	409	1	false	0	0		0	
2018-01-21 16:51:32	15	15.18	https://travis-ci.org/per1234/MightyCore/jobs/331478440	push	false	false	travis-ci	af450ff637263cd9bb7c4be0c8040fdc32ee7ad9	1d72e771dc62...af450ff63726	Use Travis CI for automated testing	/home/travis/Arduino/hardware/MightyCore/avr/libraries/Wire/examples/i2c_scanner/i2c_scanner.ino	MightyCore:avr:324:pinout=standard,variant=modelP,BOD=1v8,LTO=Os,clock=12MHz_external	1.6.9	4158	522	0	false	0	0		0	
2018-01-21 16:51:36	15	15.18	https://travis-ci.org/per1234/MightyCore/jobs/331478440	push	false	false	travis-ci	af450ff637263cd9bb7c4be0c8040fdc32ee7ad9	1d72e771dc62...af450ff63726	Use Travis CI for automated testing	/home/travis/Arduino/hardware/MightyCore/avr/libraries/Wire/examples/digital_potentiometer/digital_potentiometer.ino	MightyCore:avr:324:pinout=standard,variant=modelP,BOD=1v8,LTO=Os,clock=12MHz_external	1.6.9	2472	218	0	false	0	0		0	
2018-01-21 16:51:40	15	15.18	https://travis-ci.org/per1234/MightyCore/jobs/331478440	push	false	false	travis-ci	af450ff637263cd9bb7c4be0c8040fdc32ee7ad9	1d72e771dc62...af450ff63726	Use Travis CI for automated testing	/home/travis/Arduino/hardware/MightyCore/avr/libraries/Wire/examples/SFRRanger_reader/SFRRanger_reader.ino	MightyCore:avr:324:pinout=standard,variant=modelP,BOD=1v8,LTO=Os,clock=12MHz_external	1.6.9	4444	408	0	false	0	0		0	
2018-01-21 16:51:43	15	15.18	https://travis-ci.org/per1234/MightyCore/jobs/331478440	push	false	false	travis-ci	af450ff637263cd9bb7c4be0c8040fdc32ee7ad9	1d72e771dc62...af450ff63726	Use Travis CI for automated testing	/home/travis/Arduino/hardware/MightyCore/avr/libraries/Wire/examples/slave_sender/slave_sender.ino	MightyCore:avr:324:pinout=standard,variant=modelP,BOD=1v8,LTO=Os,clock=12MHz_external	1.6.9	2398	228	0	false	0	0		0	
2018-01-21 16:51:47	15	15.18	https://travis-ci.org/per1234/MightyCore/jobs/331478440	push	false	false	travis-ci	af450ff637263cd9bb7c4be0c8040fdc32ee7ad9	1d72e771dc62...af450ff63726	Use Travis CI for automated testing	/home/travis/Arduino/hardware/MightyCore/avr/libraries/Wire/examples/master_reader/master_reader.ino	MightyCore:avr:324:pinout=standard,variant=modelP,BOD=1v8,LTO=Os,clock=12MHz_external	1.6.9	3910	390	0	false	0	0		0	
2018-01-21 16:51:51	15	15.18	https://travis-ci.org/per1234/MightyCore/jobs/331478440	push	false	false	travis-ci	af450ff637263cd9bb7c4be0c8040fdc32ee7ad9	1d72e771dc62...af450ff63726	Use Travis CI for automated testing	/home/travis/Arduino/hardware/MightyCore/avr/libraries/Wire/examples/master_writer/master_writer.ino	MightyCore:avr:324:pinout=standard,variant=modelP,BOD=1v8,LTO=Os,clock=12MHz_external	1.6.9	2486	224	0	false	0	0		0	
2018-01-21 16:51:54	15	15.18	https://travis-ci.org/per1234/MightyCore/jobs/331478440	push	false	false	travis-ci	af450ff637263cd9bb7c4be0c8040fdc32ee7ad9	1d72e771dc62...af450ff63726	Use Travis CI for automated testing	/home/travis/Arduino/hardware/MightyCore/avr/libraries/SPI/examples/BarometricPressureSensor/BarometricPressureSensor.ino	MightyCore:avr:324:pinout=standard,variant=modelP,BOD=1v8,LTO=Os,clock=12MHz_external	1.6.9	6778	235	1	false	0	0		0	
2018-01-21 16:51:58	15	15.18	https://travis-ci.org/per1234/MightyCore/jobs/331478440	push	false	false	travis-ci	af450ff637263cd9bb7c4be0c8040fdc32ee7ad9	1d72e771dc62...af450ff63726	Use Travis CI for automated testing	/home/travis/Arduino/hardware/MightyCore/avr/libraries/SPI/examples/DigitalPotControl/DigitalPotControl.ino	MightyCore:avr:324:pinout=standard,variant=modelP,BOD=1v8,LTO=Os,clock=12MHz_external	1.6.9	1426	10	0	false	0	0		0	
2018-01-21 16:52:04	15	15.18	https://travis-ci.org/per1234/MightyCore/jobs/331478440	push	false	false	travis-ci	af450ff637263cd9bb7c4be0c8040fdc32ee7ad9	1d72e771dc62...af450ff63726	Use Travis CI for automated testing	/home/travis/Arduino/hardware/MightyCore/avr/libraries/EEPROM/examples/eeprom_update/eeprom_update.ino	MightyCore:avr:324:pinout=standard,variant=modelP,BOD=1v8,LTO=Os,clock=12MHz_external	1.8.0	960	13	3	false	0	0		0	
2018-01-21 16:52:07	15	15.18	https://travis-ci.org/per1234/MightyCore/jobs/331478440	push	false	false	travis-ci	af450ff637263cd9bb7c4be0c8040fdc32ee7ad9	1d72e771dc62...af450ff63726	Use Travis CI for automated testing	/home/travis/Arduino/hardware/MightyCore/avr/libraries/EEPROM/examples/eeprom_crc/eeprom_crc.ino	MightyCore:avr:324:pinout=standard,variant=modelP,BOD=1v8,LTO=Os,clock=12MHz_external	1.8.0	2450	310	3	false	0	0		0	
2018-01-21 16:52:11	15	15.18	https://travis-ci.org/per1234/MightyCore/jobs/331478440	push	false	false	travis-ci	af450ff637263cd9bb7c4be0c8040fdc32ee7ad9	1d72e771dc62...af450ff63726	Use Travis CI for automated testing	/home/travis/Arduino/hardware/MightyCore/avr/libraries/EEPROM/examples/eeprom_iteration/eeprom_iteration.ino	MightyCore:avr:324:pinout=standard,variant=modelP,BOD=1v8,LTO=Os,clock=12MHz_external	1.8.0	692	9	5	false	0	0		0	
2018-01-21 16:52:14	15	15.18	https://travis-ci.org/per1234/MightyCore/jobs/331478440	push	false	false	travis-ci	af450ff637263cd9bb7c4be0c8040fdc32ee7ad9	1d72e771dc62...af450ff63726	Use Travis CI for automated testing	/home/travis/Arduino/hardware/MightyCore/avr/libraries/EEPROM/examples/eeprom_put/eeprom_put.ino	MightyCore:avr:324:pinout=standard,variant=modelP,BOD=1v8,LTO=Os,clock=12MHz_external	1.8.0	2174	340	2	false	0	0		0	
2018-01-21 16:52:18	15	15.18	https://travis-ci.org/per1234/MightyCore/jobs/331478440	push	false	false	travis-ci	af450ff637263cd9bb7c4be0c8040fdc32ee7ad9	1d72e771dc62...af450ff63726	Use Travis CI for automated testing	/home/travis/Arduino/hardware/MightyCore/avr/libraries/EEPROM/examples/eeprom_clear/eeprom_clear.ino	MightyCore:avr:324:pinout=standard,variant=modelP,BOD=1v8,LTO=Os,clock=12MHz_external	1.8.0	818	9	3	false	0	0		0	
2018-01-21 16:52:22	15	15.18	https://travis-ci.org/per1234/MightyCore/jobs/331478440	push	false	false	travis-ci	af450ff637263cd9bb7c4be0c8040fdc32ee7ad9	1d72e771dc62...af450ff63726	Use Travis CI for automated testing	/home/travis/Arduino/hardware/MightyCore/avr/libraries/EEPROM/examples/eeprom_read/eeprom_read.ino	MightyCore:avr:324:pinout=standard,variant=modelP,BOD=1v8,LTO=Os,clock=12MHz_external	1.8.0	2438	203	3	false	0	0		0	
2018-01-21 16:52:25	15	15.18	https://travis-ci.org/per1234/MightyCore/jobs/331478440	push	false	false	travis-ci	af450ff637263cd9bb7c4be0c8040fdc32ee7ad9	1d72e771dc62...af450ff63726	Use Travis CI for automated testing	/home/travis/Arduino/hardware/MightyCore/avr/libraries/EEPROM/examples/eeprom_get/eeprom_get.ino	MightyCore:avr:324:pinout=standard,variant=modelP,BOD=1v8,LTO=Os,clock=12MHz_external	1.8.0	3928	256	2	false	0	0		0	
2018-01-21 16:52:29	15	15.18	https://travis-ci.org/per1234/MightyCore/jobs/331478440	push	false	false	travis-ci	af450ff637263cd9bb7c4be0c8040fdc32ee7ad9	1d72e771dc62...af450ff63726	Use Travis CI for automated testing	/home/travis/Arduino/hardware/MightyCore/avr/libraries/EEPROM/examples/eeprom_write/eeprom_write.ino	MightyCore:avr:324:pinout=standard,variant=modelP,BOD=1v8,LTO=Os,clock=12MHz_external	1.8.0	910	13	3	false	0	0		0	
2018-01-21 16:52:32	15	15.18	https://travis-ci.org/per1234/MightyCore/jobs/331478440	push	false	false	travis-ci	af450ff637263cd9bb7c4be0c8040fdc32ee7ad9	1d72e771dc62...af450ff63726	Use Travis CI for automated testing	/home/travis/Arduino/hardware/MightyCore/avr/libraries/SoftwareSerial/examples/TwoPortReceive/TwoPortReceive.ino	MightyCore:avr:324:pinout=standard,variant=modelP,BOD=1v8,LTO=Os,clock=12MHz_external	1.8.0	4460	390	2	false	0	0		0	
2018-01-21 16:52:36	15	15.18	https://travis-ci.org/per1234/MightyCore/jobs/331478440	push	false	false	travis-ci	af450ff637263cd9bb7c4be0c8040fdc32ee7ad9	1d72e771dc62...af450ff63726	Use Travis CI for automated testing	/home/travis/Arduino/hardware/MightyCore/avr/libraries/SoftwareSerial/examples/SoftwareSerialExample/SoftwareSerialExample.ino	MightyCore:avr:324:pinout=standard,variant=modelP,BOD=1v8,LTO=Os,clock=12MHz_external	1.8.0	4374	349	2	false	0	0		0	
2018-01-21 16:52:41	15	15.18	https://travis-ci.org/per1234/MightyCore/jobs/331478440	push	false	false	travis-ci	af450ff637263cd9bb7c4be0c8040fdc32ee7ad9	1d72e771dc62...af450ff63726	Use Travis CI for automated testing	/home/travis/Arduino/hardware/MightyCore/avr/libraries/SD/examples/ReadWrite/ReadWrite.ino	MightyCore:avr:324:pinout=standard,variant=modelP,BOD=1v8,LTO=Os,clock=12MHz_external	1.8.0	12848	1006	5	false	0	0		0	
2018-01-21 16:52:46	15	15.18	https://travis-ci.org/per1234/MightyCore/jobs/331478440	push	false	false	travis-ci	af450ff637263cd9bb7c4be0c8040fdc32ee7ad9	1d72e771dc62...af450ff63726	Use Travis CI for automated testing	/home/travis/Arduino/hardware/MightyCore/avr/libraries/SD/examples/Files/Files.ino	MightyCore:avr:324:pinout=standard,variant=modelP,BOD=1v8,LTO=Os,clock=12MHz_external	1.8.0	13462	1040	5	false	0	0		0	
2018-01-21 16:52:50	15	15.18	https://travis-ci.org/per1234/MightyCore/jobs/331478440	push	false	false	travis-ci	af450ff637263cd9bb7c4be0c8040fdc32ee7ad9	1d72e771dc62...af450ff63726	Use Travis CI for automated testing	/home/travis/Arduino/hardware/MightyCore/avr/libraries/SD/examples/Datalogger/Datalogger.ino	MightyCore:avr:324:pinout=standard,variant=modelP,BOD=1v8,LTO=Os,clock=12MHz_external	1.8.0	13954	937	5	false	0	0		0	
2018-01-21 16:52:55	15	15.18	https://travis-ci.org/per1234/MightyCore/jobs/331478440	push	false	false	travis-ci	af450ff637263cd9bb7c4be0c8040fdc32ee7ad9	1d72e771dc62...af450ff63726	Use Travis CI for automated testing	/home/travis/Arduino/hardware/MightyCore/avr/libraries/SD/examples/CardInfo/CardInfo.ino	MightyCore:avr:324:pinout=standard,variant=modelP,BOD=1v8,LTO=Os,clock=12MHz_external	1.8.0	11408	1358	5	false	0	0		0	
2018-01-21 16:53:00	15	15.18	https://travis-ci.org/per1234/MightyCore/jobs/331478440	push	false	false	travis-ci	af450ff637263cd9bb7c4be0c8040fdc32ee7ad9	1d72e771dc62...af450ff63726	Use Travis CI for automated testing	/home/travis/Arduino/hardware/MightyCore/avr/libraries/SD/examples/listfiles/listfiles.ino	MightyCore:avr:324:pinout=standard,variant=modelP,BOD=1v8,LTO=Os,clock=12MHz_external	1.8.0	13578	942	5	false	0	0		0	
2018-01-21 16:53:04	15	15.18	https://travis-ci.org/per1234/MightyCore/jobs/331478440	push	false	false	travis-ci	af450ff637263cd9bb7c4be0c8040fdc32ee7ad9	1d72e771dc62...af450ff63726	Use Travis CI for automated testing	/home/travis/Arduino/hardware/MightyCore/avr/libraries/SD/examples/DumpFile/DumpFile.ino	MightyCore:avr:324:pinout=standard,variant=modelP,BOD=1v8,LTO=Os,clock=12MHz_external	1.8.0	12522	935	5	false	0	0		0	
2018-01-21 16:53:08	15	15.18	https://travis-ci.org/per1234/MightyCore/jobs/331478440	push	false	false	travis-ci	af450ff637263cd9bb7c4be0c8040fdc32ee7ad9	1d72e771dc62...af450ff63726	Use Travis CI for automated testing	/home/travis/Arduino/hardware/MightyCore/avr/libraries/Timer/examples/Events/Events.ino	MightyCore:avr:324:pinout=standard,variant=modelP,BOD=1v8,LTO=Os,clock=12MHz_external	1.8.0	3858	550	0	false	0	0		0	
2018-01-21 16:53:12	15	15.18	https://travis-ci.org/per1234/MightyCore/jobs/331478440	push	false	false	travis-ci	af450ff637263cd9bb7c4be0c8040fdc32ee7ad9	1d72e771dc62...af450ff63726	Use Travis CI for automated testing	/home/travis/Arduino/hardware/MightyCore/avr/libraries/Timer/examples/Multitasking/Multitasking.ino	MightyCore:avr:324:pinout=standard,variant=modelP,BOD=1v8,LTO=Os,clock=12MHz_external	1.8.0	3350	454	1	false	0	0		0	
2018-01-21 16:53:16	15	15.18	https://travis-ci.org/per1234/MightyCore/jobs/331478440	push	false	false	travis-ci	af450ff637263cd9bb7c4be0c8040fdc32ee7ad9	1d72e771dc62...af450ff63726	Use Travis CI for automated testing	/home/travis/Arduino/hardware/MightyCore/avr/libraries/Timer/examples/Pin_high_10_minutes/Pin_high_10_minutes.ino	MightyCore:avr:324:pinout=standard,variant=modelP,BOD=1v8,LTO=Os,clock=12MHz_external	1.8.0	1522	205	1	false	0	0		0	
2018-01-21 16:53:19	15	15.18	https://travis-ci.org/per1234/MightyCore/jobs/331478440	push	false	false	travis-ci	af450ff637263cd9bb7c4be0c8040fdc32ee7ad9	1d72e771dc62...af450ff63726	Use Travis CI for automated testing	/home/travis/Arduino/hardware/MightyCore/avr/libraries/Timer/examples/TimerTest/TimerTest.ino	MightyCore:avr:324:pinout=standard,variant=modelP,BOD=1v8,LTO=Os,clock=12MHz_external	1.8.0	1486	203	0	false	0	0		0	
2018-01-21 16:53:23	15	15.18	https://travis-ci.org/per1234/MightyCore/jobs/331478440	push	false	false	travis-ci	af450ff637263cd9bb7c4be0c8040fdc32ee7ad9	1d72e771dc62...af450ff63726	Use Travis CI for automated testing	/home/travis/Arduino/hardware/MightyCore/avr/libraries/Optiboot_flasher/examples/SerialReadWrite/SerialReadWrite.ino	MightyCore:avr:324:pinout=standard,variant=modelP,BOD=1v8,LTO=Os,clock=12MHz_external	1.8.0	6598	331	0	false	0	0		0	
2018-01-21 16:53:26	15	15.18	https://travis-ci.org/per1234/MightyCore/jobs/331478440	push	false	false	travis-ci	af450ff637263cd9bb7c4be0c8040fdc32ee7ad9	1d72e771dc62...af450ff63726	Use Travis CI for automated testing	/home/travis/Arduino/hardware/MightyCore/avr/libraries/Servo/examples/Sweep/Sweep.ino	MightyCore:avr:324:pinout=standard,variant=modelP,BOD=1v8,LTO=Os,clock=12MHz_external	1.8.0	2678	52	1	false	0	0		0	
2018-01-21 16:53:30	15	15.18	https://travis-ci.org/per1234/MightyCore/jobs/331478440	push	false	false	travis-ci	af450ff637263cd9bb7c4be0c8040fdc32ee7ad9	1d72e771dc62...af450ff63726	Use Travis CI for automated testing	/home/travis/Arduino/hardware/MightyCore/avr/libraries/Servo/examples/Knob/Knob.ino	MightyCore:avr:324:pinout=standard,variant=modelP,BOD=1v8,LTO=Os,clock=12MHz_external	1.8.0	2756	56	1	false	0	0		0	
2018-01-21 16:53:34	15	15.18	https://travis-ci.org/per1234/MightyCore/jobs/331478440	push	false	false	travis-ci	af450ff637263cd9bb7c4be0c8040fdc32ee7ad9	1d72e771dc62...af450ff63726	Use Travis CI for automated testing	/home/travis/Arduino/hardware/MightyCore/avr/libraries/AVR_examples/examples/Measure_period_length/Measure_period_length.ino	MightyCore:avr:324:pinout=standard,variant=modelP,BOD=1v8,LTO=Os,clock=12MHz_external	1.8.0	1782	200	0	false	0	0		0	
2018-01-21 16:53:37	15	15.18	https://travis-ci.org/per1234/MightyCore/jobs/331478440	push	false	false	travis-ci	af450ff637263cd9bb7c4be0c8040fdc32ee7ad9	1d72e771dc62...af450ff63726	Use Travis CI for automated testing	/home/travis/Arduino/hardware/MightyCore/avr/libraries/AVR_examples/examples/Watch_dog_timer/Watch_dog_timer.ino	MightyCore:avr:324:pinout=standard,variant=modelP,BOD=1v8,LTO=Os,clock=12MHz_external	1.8.0	246	2	0	false	0	0		0	
2018-01-21 16:53:41	15	15.18	https://travis-ci.org/per1234/MightyCore/jobs/331478440	push	false	false	travis-ci	af450ff637263cd9bb7c4be0c8040fdc32ee7ad9	1d72e771dc62...af450ff63726	Use Travis CI for automated testing	/home/travis/Arduino/hardware/MightyCore/avr/libraries/AVR_examples/examples/Blink_using_Timer0/Blink_using_Timer0.ino	MightyCore:avr:324:pinout=standard,variant=modelP,BOD=1v8,LTO=Os,clock=12MHz_external	1.8.0	240	2	0	false	0	0		0	
2018-01-21 16:53:44	15	15.18	https://travis-ci.org/per1234/MightyCore/jobs/331478440	push	false	false	travis-ci	af450ff637263cd9bb7c4be0c8040fdc32ee7ad9	1d72e771dc62...af450ff63726	Use Travis CI for automated testing	/home/travis/Arduino/hardware/MightyCore/avr/libraries/AVR_examples/examples/Read_port_write_port/Read_port_write_port.ino	MightyCore:avr:324:pinout=standard,variant=modelP,BOD=1v8,LTO=Os,clock=12MHz_external	1.8.0	164	0	0	false	0	0		0	
2018-01-21 16:53:48	15	15.18	https://travis-ci.org/per1234/MightyCore/jobs/331478440	push	false	false	travis-ci	af450ff637263cd9bb7c4be0c8040fdc32ee7ad9	1d72e771dc62...af450ff63726	Use Travis CI for automated testing	/home/travis/Arduino/hardware/MightyCore/avr/libraries/AVR_examples/examples/Blink/Blink.ino	MightyCore:avr:324:pinout=standard,variant=modelP,BOD=1v8,LTO=Os,clock=12MHz_external	1.8.0	196	0	0	false	0	0		0	
2018-01-21 16:53:53	15	15.18	https://travis-ci.org/per1234/MightyCore/jobs/331478440	push	false	false	travis-ci	af450ff637263cd9bb7c4be0c8040fdc32ee7ad9	1d72e771dc62...af450ff63726	Use Travis CI for automated testing	/home/travis/Arduino/hardware/MightyCore/avr/libraries/Ethernet/examples/AdvancedChatServer/AdvancedChatServer.ino	MightyCore:avr:324:pinout=standard,variant=modelP,BOD=1v8,LTO=Os,clock=12MHz_external	1.8.0	12384	534	1	false	0	0		0	
2018-01-21 16:53:57	15	15.18	https://travis-ci.org/per1234/MightyCore/jobs/331478440	push	false	false	travis-ci	af450ff637263cd9bb7c4be0c8040fdc32ee7ad9	1d72e771dc62...af450ff63726	Use Travis CI for automated testing	/home/travis/Arduino/hardware/MightyCore/avr/libraries/Ethernet/examples/BarometricPressureWebServer/BarometricPressureWebServer.ino	MightyCore:avr:324:pinout=standard,variant=modelP,BOD=1v8,LTO=Os,clock=12MHz_external	1.8.0	16584	538	3	false	0	0		0	
2018-01-21 16:54:02	15	15.18	https://travis-ci.org/per1234/MightyCore/jobs/331478440	push	false	false	travis-ci	af450ff637263cd9bb7c4be0c8040fdc32ee7ad9	1d72e771dc62...af450ff63726	Use Travis CI for automated testing	/home/travis/Arduino/hardware/MightyCore/avr/libraries/Ethernet/examples/WebClient/WebClient.ino	MightyCore:avr:324:pinout=standard,variant=modelP,BOD=1v8,LTO=Os,clock=12MHz_external	1.8.0	14912	691	1	false	0	0		0	
2018-01-21 16:54:07	15	15.18	https://travis-ci.org/per1234/MightyCore/jobs/331478440	push	false	false	travis-ci	af450ff637263cd9bb7c4be0c8040fdc32ee7ad9	1d72e771dc62...af450ff63726	Use Travis CI for automated testing	/home/travis/Arduino/hardware/MightyCore/avr/libraries/Ethernet/examples/WebClientRepeating/WebClientRepeating.ino	MightyCore:avr:324:pinout=standard,variant=modelP,BOD=1v8,LTO=Os,clock=12MHz_external	1.8.0	11536	563	1	false	0	0		0	
2018-01-21 16:54:12	15	15.18	https://travis-ci.org/per1234/MightyCore/jobs/331478440	push	false	false	travis-ci	af450ff637263cd9bb7c4be0c8040fdc32ee7ad9	1d72e771dc62...af450ff63726	Use Travis CI for automated testing	/home/travis/Arduino/hardware/MightyCore/avr/libraries/Ethernet/examples/WebServer/WebServer.ino	MightyCore:avr:324:pinout=standard,variant=modelP,BOD=1v8,LTO=Os,clock=12MHz_external	1.8.0	12906	572	1	false	0	0		0	
2018-01-21 16:54:16	15	15.18	https://travis-ci.org/per1234/MightyCore/jobs/331478440	push	false	false	travis-ci	af450ff637263cd9bb7c4be0c8040fdc32ee7ad9	1d72e771dc62...af450ff63726	Use Travis CI for automated testing	/home/travis/Arduino/hardware/MightyCore/avr/libraries/Ethernet/examples/UdpNtpClient/UdpNtpClient.ino	MightyCore:avr:324:pinout=standard,variant=modelP,BOD=1v8,LTO=Os,clock=12MHz_external	1.8.0	13414	641	1	false	0	0		0	
2018-01-21 16:54:21	15	15.18	https://travis-ci.org/per1234/MightyCore/jobs/331478440	push	false	false	travis-ci	af450ff637263cd9bb7c4be0c8040fdc32ee7ad9	1d72e771dc62...af450ff63726	Use Travis CI for automated testing	/home/travis/Arduino/hardware/MightyCore/avr/libraries/Ethernet/examples/DhcpChatServer/DhcpChatServer.ino	MightyCore:avr:324:pinout=standard,variant=modelP,BOD=1v8,LTO=Os,clock=12MHz_external	1.8.0	16014	665	1	false	0	0		0	
2018-01-21 16:54:26	15	15.18	https://travis-ci.org/per1234/MightyCore/jobs/331478440	push	false	false	travis-ci	af450ff637263cd9bb7c4be0c8040fdc32ee7ad9	1d72e771dc62...af450ff63726	Use Travis CI for automated testing	/home/travis/Arduino/hardware/MightyCore/avr/libraries/Ethernet/examples/DhcpAddressPrinter/DhcpAddressPrinter.ino	MightyCore:avr:324:pinout=standard,variant=modelP,BOD=1v8,LTO=Os,clock=12MHz_external	1.8.0	14654	631	1	false	0	0		0	
2018-01-21 16:54:31	15	15.18	https://travis-ci.org/per1234/MightyCore/jobs/331478440	push	false	false	travis-ci	af450ff637263cd9bb7c4be0c8040fdc32ee7ad9	1d72e771dc62...af450ff63726	Use Travis CI for automated testing	/home/travis/Arduino/hardware/MightyCore/avr/libraries/Ethernet/examples/TelnetClient/TelnetClient.ino	MightyCore:avr:324:pinout=standard,variant=modelP,BOD=1v8,LTO=Os,clock=12MHz_external	1.8.0	11390	459	1	false	0	0		0	
2018-01-21 16:54:35	15	15.18	https://travis-ci.org/per1234/MightyCore/jobs/331478440	push	false	false	travis-ci	af450ff637263cd9bb7c4be0c8040fdc32ee7ad9	1d72e771dc62...af450ff63726	Use Travis CI for automated testing	/home/travis/Arduino/hardware/MightyCore/avr/libraries/Ethernet/examples/UDPSendReceiveString/UDPSendReceiveString.ino	MightyCore:avr:324:pinout=standard,variant=modelP,BOD=1v8,LTO=Os,clock=12MHz_external	1.8.0	10228	463	1	false	0	0		0	
2018-01-21 16:54:40	15	15.18	https://travis-ci.org/per1234/MightyCore/jobs/331478440	push	false	false	travis-ci	af450ff637263cd9bb7c4be0c8040fdc32ee7ad9	1d72e771dc62...af450ff63726	Use Travis CI for automated testing	/home/travis/Arduino/hardware/MightyCore/avr/libraries/Ethernet/examples/ChatServer/ChatServer.ino	MightyCore:avr:324:pinout=standard,variant=modelP,BOD=1v8,LTO=Os,clock=12MHz_external	1.8.0	11964	475	1	false	0	0		0	
2018-01-21 16:54:44	15	15.18	https://travis-ci.org/per1234/MightyCore/jobs/331478440	push	false	false	travis-ci	af450ff637263cd9bb7c4be0c8040fdc32ee7ad9	1d72e771dc62...af450ff63726	Use Travis CI for automated testing	/home/travis/Arduino/hardware/MightyCore/avr/libraries/Wire/examples/slave_receiver/slave_receiver.ino	MightyCore:avr:324:pinout=standard,variant=modelP,BOD=1v8,LTO=Os,clock=12MHz_external	1.8.0	3934	409	1	false	0	0		0	
2018-01-21 16:54:47	15	15.18	https://travis-ci.org/per1234/MightyCore/jobs/331478440	push	false	false	travis-ci	af450ff637263cd9bb7c4be0c8040fdc32ee7ad9	1d72e771dc62...af450ff63726	Use Travis CI for automated testing	/home/travis/Arduino/hardware/MightyCore/avr/libraries/Wire/examples/i2c_scanner/i2c_scanner.ino	MightyCore:avr:324:pinout=standard,variant=modelP,BOD=1v8,LTO=Os,clock=12MHz_external	1.8.0	4158	522	0	false	0	0		0	
2018-01-21 16:54:51	15	15.18	https://travis-ci.org/per1234/MightyCore/jobs/331478440	push	false	false	travis-ci	af450ff637263cd9bb7c4be0c8040fdc32ee7ad9	1d72e771dc62...af450ff63726	Use Travis CI for automated testing	/home/travis/Arduino/hardware/MightyCore/avr/libraries/Wire/examples/digital_potentiometer/digital_potentiometer.ino	MightyCore:avr:324:pinout=standard,variant=modelP,BOD=1v8,LTO=Os,clock=12MHz_external	1.8.0	2472	218	0	false	0	0		0	
2018-01-21 16:54:54	15	15.18	https://travis-ci.org/per1234/MightyCore/jobs/331478440	push	false	false	travis-ci	af450ff637263cd9bb7c4be0c8040fdc32ee7ad9	1d72e771dc62...af450ff63726	Use Travis CI for automated testing	/home/travis/Arduino/hardware/MightyCore/avr/libraries/Wire/examples/SFRRanger_reader/SFRRanger_reader.ino	MightyCore:avr:324:pinout=standard,variant=modelP,BOD=1v8,LTO=Os,clock=12MHz_external	1.8.0	4444	408	0	false	0	0		0	
2018-01-21 16:54:58	15	15.18	https://travis-ci.org/per1234/MightyCore/jobs/331478440	push	false	false	travis-ci	af450ff637263cd9bb7c4be0c8040fdc32ee7ad9	1d72e771dc62...af450ff63726	Use Travis CI for automated testing	/home/travis/Arduino/hardware/MightyCore/avr/libraries/Wire/examples/slave_sender/slave_sender.ino	MightyCore:avr:324:pinout=standard,variant=modelP,BOD=1v8,LTO=Os,clock=12MHz_external	1.8.0	2398	228	0	false	0	0		0	
2018-01-21 16:55:02	15	15.18	https://travis-ci.org/per1234/MightyCore/jobs/331478440	push	false	false	travis-ci	af450ff637263cd9bb7c4be0c8040fdc32ee7ad9	1d72e771dc62...af450ff63726	Use Travis CI for automated testing	/home/travis/Arduino/hardware/MightyCore/avr/libraries/Wire/examples/master_reader/master_reader.ino	MightyCore:avr:324:pinout=standard,variant=modelP,BOD=1v8,LTO=Os,clock=12MHz_external	1.8.0	3910	390	0	false	0	0		0	
2018-01-21 16:55:05	15	15.18	https://travis-ci.org/per1234/MightyCore/jobs/331478440	push	false	false	travis-ci	af450ff637263cd9bb7c4be0c8040fdc32ee7ad9	1d72e771dc62...af450ff63726	Use Travis CI for automated testing	/home/travis/Arduino/hardware/MightyCore/avr/libraries/Wire/examples/master_writer/master_writer.ino	MightyCore:avr:324:pinout=standard,variant=modelP,BOD=1v8,LTO=Os,clock=12MHz_external	1.8.0	2486	224	0	false	0	0		0	
2018-01-21 16:55:09	15	15.18	https://travis-ci.org/per1234/MightyCore/jobs/331478440	push	false	false	travis-ci	af450ff637263cd9bb7c4be0c8040fdc32ee7ad9	1d72e771dc62...af450ff63726	Use Travis CI for automated testing	/home/travis/Arduino/hardware/MightyCore/avr/libraries/SPI/examples/BarometricPressureSensor/BarometricPressureSensor.ino	MightyCore:avr:324:pinout=standard,variant=modelP,BOD=1v8,LTO=Os,clock=12MHz_external	1.8.0	6778	235	1	false	0	0		0	
2018-01-21 16:55:13	15	15.18	https://travis-ci.org/per1234/MightyCore/jobs/331478440	push	false	false	travis-ci	af450ff637263cd9bb7c4be0c8040fdc32ee7ad9	1d72e771dc62...af450ff63726	Use Travis CI for automated testing	/home/travis/Arduino/hardware/MightyCore/avr/libraries/SPI/examples/DigitalPotControl/DigitalPotControl.ino	MightyCore:avr:324:pinout=standard,variant=modelP,BOD=1v8,LTO=Os,clock=12MHz_external	1.8.0	1426	10	0	false	0	0		0	
2018-01-21 16:55:18	15	15.18	https://travis-ci.org/per1234/MightyCore/jobs/331478440	push	false	false	travis-ci	af450ff637263cd9bb7c4be0c8040fdc32ee7ad9	1d72e771dc62...af450ff63726	Use Travis CI for automated testing	/home/travis/Arduino/hardware/MightyCore/avr/libraries/EEPROM/examples/eeprom_update/eeprom_update.ino	MightyCore:avr:324:pinout=standard,variant=modelP,BOD=1v8,LTO=Os,clock=12MHz_external	1.8.5	960	13	3	false	0	0		0	
2018-01-21 16:55:22	15	15.18	https://travis-ci.org/per1234/MightyCore/jobs/331478440	push	false	false	travis-ci	af450ff637263cd9bb7c4be0c8040fdc32ee7ad9	1d72e771dc62...af450ff63726	Use Travis CI for automated testing	/home/travis/Arduino/hardware/MightyCore/avr/libraries/EEPROM/examples/eeprom_crc/eeprom_crc.ino	MightyCore:avr:324:pinout=standard,variant=modelP,BOD=1v8,LTO=Os,clock=12MHz_external	1.8.5	2450	310	3	false	0	0		0	
2018-01-21 16:55:25	15	15.18	https://travis-ci.org/per1234/MightyCore/jobs/331478440	push	false	false	travis-ci	af450ff637263cd9bb7c4be0c8040fdc32ee7ad9	1d72e771dc62...af450ff63726	Use Travis CI for automated testing	/home/travis/Arduino/hardware/MightyCore/avr/libraries/EEPROM/examples/eeprom_iteration/eeprom_iteration.ino	MightyCore:avr:324:pinout=standard,variant=modelP,BOD=1v8,LTO=Os,clock=12MHz_external	1.8.5	692	9	5	false	0	0		0	
2018-01-21 16:55:29	15	15.18	https://travis-ci.org/per1234/MightyCore/jobs/331478440	push	false	false	travis-ci	af450ff637263cd9bb7c4be0c8040fdc32ee7ad9	1d72e771dc62...af450ff63726	Use Travis CI for automated testing	/home/travis/Arduino/hardware/MightyCore/avr/libraries/EEPROM/examples/eeprom_put/eeprom_put.ino	MightyCore:avr:324:pinout=standard,variant=modelP,BOD=1v8,LTO=Os,clock=12MHz_external	1.8.5	2174	340	2	false	0	0		0	
2018-01-21 16:55:32	15	15.18	https://travis-ci.org/per1234/MightyCore/jobs/331478440	push	false	false	travis-ci	af450ff637263cd9bb7c4be0c8040fdc32ee7ad9	1d72e771dc62...af450ff63726	Use Travis CI for automated testing	/home/travis/Arduino/hardware/MightyCore/avr/libraries/EEPROM/examples/eeprom_clear/eeprom_clear.ino	MightyCore:avr:324:pinout=standard,variant=modelP,BOD=1v8,LTO=Os,clock=12MHz_external	1.8.5	818	9	3	false	0	0		0	
2018-01-21 16:55:36	15	15.18	https://travis-ci.org/per1234/MightyCore/jobs/331478440	push	false	false	travis-ci	af450ff637263cd9bb7c4be0c8040fdc32ee7ad9	1d72e771dc62...af450ff63726	Use Travis CI for automated testing	/home/travis/Arduino/hardware/MightyCore/avr/libraries/EEPROM/examples/eeprom_read/eeprom_read.ino	MightyCore:avr:324:pinout=standard,variant=modelP,BOD=1v8,LTO=Os,clock=12MHz_external	1.8.5	2438	203	3	false	0	0		0	
2018-01-21 16:55:39	15	15.18	https://travis-ci.org/per1234/MightyCore/jobs/331478440	push	false	false	travis-ci	af450ff637263cd9bb7c4be0c8040fdc32ee7ad9	1d72e771dc62...af450ff63726	Use Travis CI for automated testing	/home/travis/Arduino/hardware/MightyCore/avr/libraries/EEPROM/examples/eeprom_get/eeprom_get.ino	MightyCore:avr:324:pinout=standard,variant=modelP,BOD=1v8,LTO=Os,clock=12MHz_external	1.8.5	3928	256	2	false	0	0		0	
2018-01-21 16:55:43	15	15.18	https://travis-ci.org/per1234/MightyCore/jobs/331478440	push	false	false	travis-ci	af450ff637263cd9bb7c4be0c8040fdc32ee7ad9	1d72e771dc62...af450ff63726	Use Travis CI for automated testing	/home/travis/Arduino/hardware/MightyCore/avr/libraries/EEPROM/examples/eeprom_write/eeprom_write.ino	MightyCore:avr:324:pinout=standard,variant=modelP,BOD=1v8,LTO=Os,clock=12MHz_external	1.8.5	910	13	3	false	0	0		0	
2018-01-21 16:55:46	15	15.18	https://travis-ci.org/per1234/MightyCore/jobs/331478440	push	false	false	travis-ci	af450ff637263cd9bb7c4be0c8040fdc32ee7ad9	1d72e771dc62...af450ff63726	Use Travis CI for automated testing	/home/travis/Arduino/hardware/MightyCore/avr/libraries/SoftwareSerial/examples/TwoPortReceive/TwoPortReceive.ino	MightyCore:avr:324:pinout=standard,variant=modelP,BOD=1v8,LTO=Os,clock=12MHz_external	1.8.5	4460	390	2	false	0	0		0	
2018-01-21 16:55:50	15	15.18	https://travis-ci.org/per1234/MightyCore/jobs/331478440	push	false	false	travis-ci	af450ff637263cd9bb7c4be0c8040fdc32ee7ad9	1d72e771dc62...af450ff63726	Use Travis CI for automated testing	/home/travis/Arduino/hardware/MightyCore/avr/libraries/SoftwareSerial/examples/SoftwareSerialExample/SoftwareSerialExample.ino	MightyCore:avr:324:pinout=standard,variant=modelP,BOD=1v8,LTO=Os,clock=12MHz_external	1.8.5	4374	349	2	false	0	0		0	
2018-01-21 16:55:54	15	15.18	https://travis-ci.org/per1234/MightyCore/jobs/331478440	push	false	false	travis-ci	af450ff637263cd9bb7c4be0c8040fdc32ee7ad9	1d72e771dc62...af450ff63726	Use Travis CI for automated testing	/home/travis/Arduino/hardware/MightyCore/avr/libraries/SD/examples/ReadWrite/ReadWrite.ino	MightyCore:avr:324:pinout=standard,variant=modelP,BOD=1v8,LTO=Os,clock=12MHz_external	1.8.5	12848	1006	5	false	0	0		0	
2018-01-21 16:55:59	15	15.18	https://travis-ci.org/per1234/MightyCore/jobs/331478440	push	false	false	travis-ci	af450ff637263cd9bb7c4be0c8040fdc32ee7ad9	1d72e771dc62...af450ff63726	Use Travis CI for automated testing	/home/travis/Arduino/hardware/MightyCore/avr/libraries/SD/examples/Files/Files.ino	MightyCore:avr:324:pinout=standard,variant=modelP,BOD=1v8,LTO=Os,clock=12MHz_external	1.8.5	13462	1040	5	false	0	0		0	
2018-01-21 16:56:03	15	15.18	https://travis-ci.org/per1234/MightyCore/jobs/331478440	push	false	false	travis-ci	af450ff637263cd9bb7c4be0c8040fdc32ee7ad9	1d72e771dc62...af450ff63726	Use Travis CI for automated testing	/home/travis/Arduino/hardware/MightyCore/avr/libraries/SD/examples/Datalogger/Datalogger.ino	MightyCore:avr:324:pinout=standard,variant=modelP,BOD=1v8,LTO=Os,clock=12MHz_external	1.8.5	13954	937	5	false	0	0		0	
2018-01-21 16:56:08	15	15.18	https://travis-ci.org/per1234/MightyCore/jobs/331478440	push	false	false	travis-ci	af450ff637263cd9bb7c4be0c8040fdc32ee7ad9	1d72e771dc62...af450ff63726	Use Travis CI for automated testing	/home/travis/Arduino/hardware/MightyCore/avr/libraries/SD/examples/CardInfo/CardInfo.ino	MightyCore:avr:324:pinout=standard,variant=modelP,BOD=1v8,LTO=Os,clock=12MHz_external	1.8.5	11408	1358	5	false	0	0		0	
2018-01-21 16:56:12	15	15.18	https://travis-ci.org/per1234/MightyCore/jobs/331478440	push	false	false	travis-ci	af450ff637263cd9bb7c4be0c8040fdc32ee7ad9	1d72e771dc62...af450ff63726	Use Travis CI for automated testing	/home/travis/Arduino/hardware/MightyCore/avr/libraries/SD/examples/listfiles/listfiles.ino	MightyCore:avr:324:pinout=standard,variant=modelP,BOD=1v8,LTO=Os,clock=12MHz_external	1.8.5	13578	942	5	false	0	0		0	
2018-01-21 16:56:17	15	15.18	https://travis-ci.org/per1234/MightyCore/jobs/331478440	push	false	false	travis-ci	af450ff637263cd9bb7c4be0c8040fdc32ee7ad9	1d72e771dc62...af450ff63726	Use Travis CI for automated testing	/home/travis/Arduino/hardware/MightyCore/avr/libraries/SD/examples/DumpFile/DumpFile.ino	MightyCore:avr:324:pinout=standard,variant=modelP,BOD=1v8,LTO=Os,clock=12MHz_external	1.8.5	12522	935	5	false	0	0		0	
2018-01-21 16:56:20	15	15.18	https://travis-ci.org/per1234/MightyCore/jobs/331478440	push	false	false	travis-ci	af450ff637263cd9bb7c4be0c8040fdc32ee7ad9	1d72e771dc62...af450ff63726	Use Travis CI for automated testing	/home/travis/Arduino/hardware/MightyCore/avr/libraries/Timer/examples/Events/Events.ino	MightyCore:avr:324:pinout=standard,variant=modelP,BOD=1v8,LTO=Os,clock=12MHz_external	1.8.5	3858	550	0	false	0	0		0	
2018-01-21 16:56:24	15	15.18	https://travis-ci.org/per1234/MightyCore/jobs/331478440	push	false	false	travis-ci	af450ff637263cd9bb7c4be0c8040fdc32ee7ad9	1d72e771dc62...af450ff63726	Use Travis CI for automated testing	/home/travis/Arduino/hardware/MightyCore/avr/libraries/Timer/examples/Multitasking/Multitasking.ino	MightyCore:avr:324:pinout=standard,variant=modelP,BOD=1v8,LTO=Os,clock=12MHz_external	1.8.5	3350	454	1	false	0	0		0	
2018-01-21 16:56:28	15	15.18	https://travis-ci.org/per1234/MightyCore/jobs/331478440	push	false	false	travis-ci	af450ff637263cd9bb7c4be0c8040fdc32ee7ad9	1d72e771dc62...af450ff63726	Use Travis CI for automated testing	/home/travis/Arduino/hardware/MightyCore/avr/libraries/Timer/examples/Pin_high_10_minutes/Pin_high_10_minutes.ino	MightyCore:avr:324:pinout=standard,variant=modelP,BOD=1v8,LTO=Os,clock=12MHz_external	1.8.5	1522	205	1	false	0	0		0	
2018-01-21 16:56:31	15	15.18	https://travis-ci.org/per1234/MightyCore/jobs/331478440	push	false	false	travis-ci	af450ff637263cd9bb7c4be0c8040fdc32ee7ad9	1d72e771dc62...af450ff63726	Use Travis CI for automated testing	/home/travis/Arduino/hardware/MightyCore/avr/libraries/Timer/examples/TimerTest/TimerTest.ino	MightyCore:avr:324:pinout=standard,variant=modelP,BOD=1v8,LTO=Os,clock=12MHz_external	1.8.5	1486	203	0	false	0	0		0	
2018-01-21 16:56:35	15	15.18	https://travis-ci.org/per1234/MightyCore/jobs/331478440	push	false	false	travis-ci	af450ff637263cd9bb7c4be0c8040fdc32ee7ad9	1d72e771dc62...af450ff63726	Use Travis CI for automated testing	/home/travis/Arduino/hardware/MightyCore/avr/libraries/Optiboot_flasher/examples/SerialReadWrite/SerialReadWrite.ino	MightyCore:avr:324:pinout=standard,variant=modelP,BOD=1v8,LTO=Os,clock=12MHz_external	1.8.5	6598	331	0	false	0	0		0	
2018-01-21 16:56:38	15	15.18	https://travis-ci.org/per1234/MightyCore/jobs/331478440	push	false	false	travis-ci	af450ff637263cd9bb7c4be0c8040fdc32ee7ad9	1d72e771dc62...af450ff63726	Use Travis CI for automated testing	/home/travis/Arduino/hardware/MightyCore/avr/libraries/Servo/examples/Sweep/Sweep.ino	MightyCore:avr:324:pinout=standard,variant=modelP,BOD=1v8,LTO=Os,clock=12MHz_external	1.8.5	2678	52	1	false	0	0		0	
2018-01-21 16:56:42	15	15.18	https://travis-ci.org/per1234/MightyCore/jobs/331478440	push	false	false	travis-ci	af450ff637263cd9bb7c4be0c8040fdc32ee7ad9	1d72e771dc62...af450ff63726	Use Travis CI for automated testing	/home/travis/Arduino/hardware/MightyCore/avr/libraries/Servo/examples/Knob/Knob.ino	MightyCore:avr:324:pinout=standard,variant=modelP,BOD=1v8,LTO=Os,clock=12MHz_external	1.8.5	2756	56	1	false	0	0		0	
2018-01-21 16:56:45	15	15.18	https://travis-ci.org/per1234/MightyCore/jobs/331478440	push	false	false	travis-ci	af450ff637263cd9bb7c4be0c8040fdc32ee7ad9	1d72e771dc62...af450ff63726	Use Travis CI for automated testing	/home/travis/Arduino/hardware/MightyCore/avr/libraries/AVR_examples/examples/Measure_period_length/Measure_period_length.ino	MightyCore:avr:324:pinout=standard,variant=modelP,BOD=1v8,LTO=Os,clock=12MHz_external	1.8.5	1782	200	0	false	0	0		0	
2018-01-21 16:56:48	15	15.18	https://travis-ci.org/per1234/MightyCore/jobs/331478440	push	false	false	travis-ci	af450ff637263cd9bb7c4be0c8040fdc32ee7ad9	1d72e771dc62...af450ff63726	Use Travis CI for automated testing	/home/travis/Arduino/hardware/MightyCore/avr/libraries/AVR_examples/examples/Watch_dog_timer/Watch_dog_timer.ino	MightyCore:avr:324:pinout=standard,variant=modelP,BOD=1v8,LTO=Os,clock=12MHz_external	1.8.5	246	2	0	false	0	0		0	
2018-01-21 16:56:52	15	15.18	https://travis-ci.org/per1234/MightyCore/jobs/331478440	push	false	false	travis-ci	af450ff637263cd9bb7c4be0c8040fdc32ee7ad9	1d72e771dc62...af450ff63726	Use Travis CI for automated testing	/home/travis/Arduino/hardware/MightyCore/avr/libraries/AVR_examples/examples/Blink_using_Timer0/Blink_using_Timer0.ino	MightyCore:avr:324:pinout=standard,variant=modelP,BOD=1v8,LTO=Os,clock=12MHz_external	1.8.5	240	2	0	false	0	0		0	
2018-01-21 16:56:55	15	15.18	https://travis-ci.org/per1234/MightyCore/jobs/331478440	push	false	false	travis-ci	af450ff637263cd9bb7c4be0c8040fdc32ee7ad9	1d72e771dc62...af450ff63726	Use Travis CI for automated testing	/home/travis/Arduino/hardware/MightyCore/avr/libraries/AVR_examples/examples/Read_port_write_port/Read_port_write_port.ino	MightyCore:avr:324:pinout=standard,variant=modelP,BOD=1v8,LTO=Os,clock=12MHz_external	1.8.5	164	0	0	false	0	0		0	
2018-01-21 16:56:59	15	15.18	https://travis-ci.org/per1234/MightyCore/jobs/331478440	push	false	false	travis-ci	af450ff637263cd9bb7c4be0c8040fdc32ee7ad9	1d72e771dc62...af450ff63726	Use Travis CI for automated testing	/home/travis/Arduino/hardware/MightyCore/avr/libraries/AVR_examples/examples/Blink/Blink.ino	MightyCore:avr:324:pinout=standard,variant=modelP,BOD=1v8,LTO=Os,clock=12MHz_external	1.8.5	196	0	0	false	0	0		0	
2018-01-21 16:57:03	15	15.18	https://travis-ci.org/per1234/MightyCore/jobs/331478440	push	false	false	travis-ci	af450ff637263cd9bb7c4be0c8040fdc32ee7ad9	1d72e771dc62...af450ff63726	Use Travis CI for automated testing	/home/travis/Arduino/hardware/MightyCore/avr/libraries/Ethernet/examples/AdvancedChatServer/AdvancedChatServer.ino	MightyCore:avr:324:pinout=standard,variant=modelP,BOD=1v8,LTO=Os,clock=12MHz_external	1.8.5	12384	534	1	false	0	0		0	
2018-01-21 16:57:08	15	15.18	https://travis-ci.org/per1234/MightyCore/jobs/331478440	push	false	false	travis-ci	af450ff637263cd9bb7c4be0c8040fdc32ee7ad9	1d72e771dc62...af450ff63726	Use Travis CI for automated testing	/home/travis/Arduino/hardware/MightyCore/avr/libraries/Ethernet/examples/BarometricPressureWebServer/BarometricPressureWebServer.ino	MightyCore:avr:324:pinout=standard,variant=modelP,BOD=1v8,LTO=Os,clock=12MHz_external	1.8.5	16584	538	3	false	0	0		0	
2018-01-21 16:57:13	15	15.18	https://travis-ci.org/per1234/MightyCore/jobs/331478440	push	false	false	travis-ci	af450ff637263cd9bb7c4be0c8040fdc32ee7ad9	1d72e771dc62...af450ff63726	Use Travis CI for automated testing	/home/travis/Arduino/hardware/MightyCore/avr/libraries/Ethernet/examples/WebClient/WebClient.ino	MightyCore:avr:324:pinout=standard,variant=modelP,BOD=1v8,LTO=Os,clock=12MHz_external	1.8.5	14912	691	1	false	0	0		0	
2018-01-21 16:57:17	15	15.18	https://travis-ci.org/per1234/MightyCore/jobs/331478440	push	false	false	travis-ci	af450ff637263cd9bb7c4be0c8040fdc32ee7ad9	1d72e771dc62...af450ff63726	Use Travis CI for automated testing	/home/travis/Arduino/hardware/MightyCore/avr/libraries/Ethernet/examples/WebClientRepeating/WebClientRepeating.ino	MightyCore:avr:324:pinout=standard,variant=modelP,BOD=1v8,LTO=Os,clock=12MHz_external	1.8.5	11536	563	1	false	0	0		0	
2018-01-21 16:57:22	15	15.18	https://travis-ci.org/per1234/MightyCore/jobs/331478440	push	false	false	travis-ci	af450ff637263cd9bb7c4be0c8040fdc32ee7ad9	1d72e771dc62...af450ff63726	Use Travis CI for automated testing	/home/travis/Arduino/hardware/MightyCore/avr/libraries/Ethernet/examples/WebServer/WebServer.ino	MightyCore:avr:324:pinout=standard,variant=modelP,BOD=1v8,LTO=Os,clock=12MHz_external	1.8.5	12906	572	1	false	0	0		0	
2018-01-21 16:57:26	15	15.18	https://travis-ci.org/per1234/MightyCore/jobs/331478440	push	false	false	travis-ci	af450ff637263cd9bb7c4be0c8040fdc32ee7ad9	1d72e771dc62...af450ff63726	Use Travis CI for automated testing	/home/travis/Arduino/hardware/MightyCore/avr/libraries/Ethernet/examples/UdpNtpClient/UdpNtpClient.ino	MightyCore:avr:324:pinout=standard,variant=modelP,BOD=1v8,LTO=Os,clock=12MHz_external	1.8.5	13414	641	1	false	0	0		0	
2018-01-21 16:57:31	15	15.18	https://travis-ci.org/per1234/MightyCore/jobs/331478440	push	false	false	travis-ci	af450ff637263cd9bb7c4be0c8040fdc32ee7ad9	1d72e771dc62...af450ff63726	Use Travis CI for automated testing	/home/travis/Arduino/hardware/MightyCore/avr/libraries/Ethernet/examples/DhcpChatServer/DhcpChatServer.ino	MightyCore:avr:324:pinout=standard,variant=modelP,BOD=1v8,LTO=Os,clock=12MHz_external	1.8.5	16014	665	1	false	0	0		0	
2018-01-21 16:57:35	15	15.18	https://travis-ci.org/per1234/MightyCore/jobs/331478440	push	false	false	travis-ci	af450ff637263cd9bb7c4be0c8040fdc32ee7ad9	1d72e771dc62...af450ff63726	Use Travis CI for automated testing	/home/travis/Arduino/hardware/MightyCore/avr/libraries/Ethernet/examples/DhcpAddressPrinter/DhcpAddressPrinter.ino	MightyCore:avr:324:pinout=standard,variant=modelP,BOD=1v8,LTO=Os,clock=12MHz_external	1.8.5	14654	631	1	false	0	0		0	
2018-01-21 16:57:40	15	15.18	https://travis-ci.org/per1234/MightyCore/jobs/331478440	push	false	false	travis-ci	af450ff637263cd9bb7c4be0c8040fdc32ee7ad9	1d72e771dc62...af450ff63726	Use Travis CI for automated testing	/home/travis/Arduino/hardware/MightyCore/avr/libraries/Ethernet/examples/TelnetClient/TelnetClient.ino	MightyCore:avr:324:pinout=standard,variant=modelP,BOD=1v8,LTO=Os,clock=12MHz_external	1.8.5	11390	459	1	false	0	0		0	
2018-01-21 16:57:45	15	15.18	https://travis-ci.org/per1234/MightyCore/jobs/331478440	push	false	false	travis-ci	af450ff637263cd9bb7c4be0c8040fdc32ee7ad9	1d72e771dc62...af450ff63726	Use Travis CI for automated testing	/home/travis/Arduino/hardware/MightyCore/avr/libraries/Ethernet/examples/UDPSendReceiveString/UDPSendReceiveString.ino	MightyCore:avr:324:pinout=standard,variant=modelP,BOD=1v8,LTO=Os,clock=12MHz_external	1.8.5	10228	463	1	false	0	0		0	
2018-01-21 16:57:49	15	15.18	https://travis-ci.org/per1234/MightyCore/jobs/331478440	push	false	false	travis-ci	af450ff637263cd9bb7c4be0c8040fdc32ee7ad9	1d72e771dc62...af450ff63726	Use Travis CI for automated testing	/home/travis/Arduino/hardware/MightyCore/avr/libraries/Ethernet/examples/ChatServer/ChatServer.ino	MightyCore:avr:324:pinout=standard,variant=modelP,BOD=1v8,LTO=Os,clock=12MHz_external	1.8.5	11964	475	1	false	0	0		0	
2018-01-21 16:57:53	15	15.18	https://travis-ci.org/per1234/MightyCore/jobs/331478440	push	false	false	travis-ci	af450ff637263cd9bb7c4be0c8040fdc32ee7ad9	1d72e771dc62...af450ff63726	Use Travis CI for automated testing	/home/travis/Arduino/hardware/MightyCore/avr/libraries/Wire/examples/slave_receiver/slave_receiver.ino	MightyCore:avr:324:pinout=standard,variant=modelP,BOD=1v8,LTO=Os,clock=12MHz_external	1.8.5	3934	409	1	false	0	0		0	
2018-01-21 16:57:56	15	15.18	https://travis-ci.org/per1234/MightyCore/jobs/331478440	push	false	false	travis-ci	af450ff637263cd9bb7c4be0c8040fdc32ee7ad9	1d72e771dc62...af450ff63726	Use Travis CI for automated testing	/home/travis/Arduino/hardware/MightyCore/avr/libraries/Wire/examples/i2c_scanner/i2c_scanner.ino	MightyCore:avr:324:pinout=standard,variant=modelP,BOD=1v8,LTO=Os,clock=12MHz_external	1.8.5	4158	522	0	false	0	0		0	
2018-01-21 16:58:00	15	15.18	https://travis-ci.org/per1234/MightyCore/jobs/331478440	push	false	false	travis-ci	af450ff637263cd9bb7c4be0c8040fdc32ee7ad9	1d72e771dc62...af450ff63726	Use Travis CI for automated testing	/home/travis/Arduino/hardware/MightyCore/avr/libraries/Wire/examples/digital_potentiometer/digital_potentiometer.ino	MightyCore:avr:324:pinout=standard,variant=modelP,BOD=1v8,LTO=Os,clock=12MHz_external	1.8.5	2472	218	0	false	0	0		0	
2018-01-21 16:58:03	15	15.18	https://travis-ci.org/per1234/MightyCore/jobs/331478440	push	false	false	travis-ci	af450ff637263cd9bb7c4be0c8040fdc32ee7ad9	1d72e771dc62...af450ff63726	Use Travis CI for automated testing	/home/travis/Arduino/hardware/MightyCore/avr/libraries/Wire/examples/SFRRanger_reader/SFRRanger_reader.ino	MightyCore:avr:324:pinout=standard,variant=modelP,BOD=1v8,LTO=Os,clock=12MHz_external	1.8.5	4444	408	0	false	0	0		0	
2018-01-21 16:58:07	15	15.18	https://travis-ci.org/per1234/MightyCore/jobs/331478440	push	false	false	travis-ci	af450ff637263cd9bb7c4be0c8040fdc32ee7ad9	1d72e771dc62...af450ff63726	Use Travis CI for automated testing	/home/travis/Arduino/hardware/MightyCore/avr/libraries/Wire/examples/slave_sender/slave_sender.ino	MightyCore:avr:324:pinout=standard,variant=modelP,BOD=1v8,LTO=Os,clock=12MHz_external	1.8.5	2398	228	0	false	0	0		0	
2018-01-21 16:58:11	15	15.18	https://travis-ci.org/per1234/MightyCore/jobs/331478440	push	false	false	travis-ci	af450ff637263cd9bb7c4be0c8040fdc32ee7ad9	1d72e771dc62...af450ff63726	Use Travis CI for automated testing	/home/travis/Arduino/hardware/MightyCore/avr/libraries/Wire/examples/master_reader/master_reader.ino	MightyCore:avr:324:pinout=standard,variant=modelP,BOD=1v8,LTO=Os,clock=12MHz_external	1.8.5	3910	390	0	false	0	0		0	
2018-01-21 16:58:14	15	15.18	https://travis-ci.org/per1234/MightyCore/jobs/331478440	push	false	false	travis-ci	af450ff637263cd9bb7c4be0c8040fdc32ee7ad9	1d72e771dc62...af450ff63726	Use Travis CI for automated testing	/home/travis/Arduino/hardware/MightyCore/avr/libraries/Wire/examples/master_writer/master_writer.ino	MightyCore:avr:324:pinout=standard,variant=modelP,BOD=1v8,LTO=Os,clock=12MHz_external	1.8.5	2486	224	0	false	0	0		0	
2018-01-21 16:58:18	15	15.18	https://travis-ci.org/per1234/MightyCore/jobs/331478440	push	false	false	travis-ci	af450ff637263cd9bb7c4be0c8040fdc32ee7ad9	1d72e771dc62...af450ff63726	Use Travis CI for automated testing	/home/travis/Arduino/hardware/MightyCore/avr/libraries/SPI/examples/BarometricPressureSensor/BarometricPressureSensor.ino	MightyCore:avr:324:pinout=standard,variant=modelP,BOD=1v8,LTO=Os,clock=12MHz_external	1.8.5	6778	235	1	false	0	0		0	
2018-01-21 16:58:21	15	15.18	https://travis-ci.org/per1234/MightyCore/jobs/331478440	push	false	false	travis-ci	af450ff637263cd9bb7c4be0c8040fdc32ee7ad9	1d72e771dc62...af450ff63726	Use Travis CI for automated testing	/home/travis/Arduino/hardware/MightyCore/avr/libraries/SPI/examples/DigitalPotControl/DigitalPotControl.ino	MightyCore:avr:324:pinout=standard,variant=modelP,BOD=1v8,LTO=Os,clock=12MHz_external	1.8.5	1426	10	0	false	0	0		0	
